% -------------------------------------------------------------------
%  Generated by MATLAB on 12-Dec-2023 15:30:14
%  MATLAB version: 23.2.0.2428915 (R2023b) Update 4
% -------------------------------------------------------------------
                                         

smiData = struct;
smiData.RigidTransform = struct;
smiData.RigidTransform(1).translation = ...
  [5.0000000000000044 -0.50000000000000044 3.8000000000000256];
smiData.RigidTransform(1).angle = 2.0943951023931953;
smiData.RigidTransform(1).axis = [-0.57735026918962584 -0.57735026918962584 ...
                                  -0.57735026918962584];
smiData.RigidTransform(1).ID = 'B[9x4.7V3_drone-1:-:centerstruc-1]';
smiData.RigidTransform(1).ID = convertCharsToStrings( ...
  smiData.RigidTransform(1).ID);
smiData.RigidTransform(2).translation = ...
  [-349.0000000001 -180.0000000000021 37];
smiData.RigidTransform(2).angle = 1.2947314098277875E-15;
smiData.RigidTransform(2).axis = [0.8574929257125441 0.51449575542752646 ...
                                  2.8560251687377661E-16];
smiData.RigidTransform(2).ID = 'F[9x4.7V3_drone-1:-:centerstruc-1]';
smiData.RigidTransform(2).ID = convertCharsToStrings( ...
  smiData.RigidTransform(2).ID);
smiData.RigidTransform(3).translation = ...
  [5.0000000000000044 -0.49999999999998657 3.8000000000000256];
smiData.RigidTransform(3).angle = 2.0943951023931953;
smiData.RigidTransform(3).axis = [-0.57735026918962584 -0.57735026918962584 ...
                                  -0.57735026918962584];
smiData.RigidTransform(3).ID = 'B[9x4.7V3_drone-4:-:centerstruc-1]';
smiData.RigidTransform(3).ID = convertCharsToStrings( ...
  smiData.RigidTransform(3).ID);
smiData.RigidTransform(4).translation = ...
  [-349.000000000103 -179.99999999999622 -67.000000000000043];
smiData.RigidTransform(4).angle = 3.1415926535897927;
smiData.RigidTransform(4).axis = [1 -1.5407439555097884E-32 -5.5511151231257815E-17 ...
                                  ];
smiData.RigidTransform(4).ID = 'F[9x4.7V3_drone-4:-:centerstruc-1]';
smiData.RigidTransform(4).ID = convertCharsToStrings( ...
  smiData.RigidTransform(4).ID);
smiData.RigidTransform(5).translation = ...
  [5.0000000000000044 -0.50000000000000044 3.8000000000000256];
smiData.RigidTransform(5).angle = 2.0943951023931953;
smiData.RigidTransform(5).axis = [-0.57735026918962584 -0.57735026918962584 ...
                                  -0.57735026918962584];
smiData.RigidTransform(5).ID = 'B[9x4.7V3_drone-5:-:centerstruc-1]';
smiData.RigidTransform(5).ID = convertCharsToStrings( ...
  smiData.RigidTransform(5).ID);
smiData.RigidTransform(6).translation = ...
  [-349.00000000010004 180.00000000000006 -66.999999999998991];
smiData.RigidTransform(6).angle = 3.1415926535897922;
smiData.RigidTransform(6).axis = [-1 -9.8607613152626476E-32 2.2204460492503131E-16 ...
                                  ];
smiData.RigidTransform(6).ID = 'F[9x4.7V3_drone-5:-:centerstruc-1]';
smiData.RigidTransform(6).ID = convertCharsToStrings( ...
  smiData.RigidTransform(6).ID);
smiData.RigidTransform(7).translation = ...
  [5.0000000000000044 -0.50000000000000044 3.8000000000000256];
smiData.RigidTransform(7).angle = 2.0943951023931953;
smiData.RigidTransform(7).axis = [-0.57735026918962584 -0.57735026918962584 ...
                                  -0.57735026918962584];
smiData.RigidTransform(7).ID = 'B[9x4.7V3_drone-6:-:centerstruc-1]';
smiData.RigidTransform(7).ID = convertCharsToStrings( ...
  smiData.RigidTransform(7).ID);
smiData.RigidTransform(8).translation = ...
  [-349.0000000001 179.99999999999989 37.000000000000995];
smiData.RigidTransform(8).angle = 2.2204460492503131E-15;
smiData.RigidTransform(8).axis = [1 1.1102230246251565E-16 1.2325951644078309E-31 ...
                                  ];
smiData.RigidTransform(8).ID = 'F[9x4.7V3_drone-6:-:centerstruc-1]';
smiData.RigidTransform(8).ID = convertCharsToStrings( ...
  smiData.RigidTransform(8).ID);
smiData.RigidTransform(9).translation = ...
  [-325.00000000000006 -45.000000000000114 43.999999999997996];
smiData.RigidTransform(9).angle = 2.0943951023931957;
smiData.RigidTransform(9).axis = [-0.57735026918962562 -0.57735026918962584 ...
                                  0.57735026918962584];
smiData.RigidTransform(9).ID = 'B[centerstruc-1:-:platform-1]';
smiData.RigidTransform(9).ID = convertCharsToStrings( ...
  smiData.RigidTransform(9).ID);
smiData.RigidTransform(10).translation = ...
  [-47.19985532982713 -118.45917521155688 -10.355619097149956];
smiData.RigidTransform(10).angle = 1.5707963267948966;
smiData.RigidTransform(10).axis = [-1 4.0700924586837761E-16 5.7850462293418883E-16 ...
                                   ];
smiData.RigidTransform(10).ID = 'F[centerstruc-1:-:platform-1]';
smiData.RigidTransform(10).ID = convertCharsToStrings( ...
  smiData.RigidTransform(10).ID);
smiData.RigidTransform(11).translation = ...
  [-609.00000000015427 -71.999999999999 -15.000000000004];
smiData.RigidTransform(11).angle = 2.0943951023931953;
smiData.RigidTransform(11).axis = [0.57735026918962584 -0.57735026918962584 ...
                                   0.57735026918962584];
smiData.RigidTransform(11).ID = 'B[centerstruc-1:-:moveableprop-1]';
smiData.RigidTransform(11).ID = convertCharsToStrings( ...
  smiData.RigidTransform(11).ID);
smiData.RigidTransform(12).translation = ...
  [-1.1368683772161603E-13 -96 -19.800000000000004];
smiData.RigidTransform(12).angle = 2.0943951023931953;
smiData.RigidTransform(12).axis = [0.57735026918962584 -0.57735026918962584 ...
                                   0.57735026918962584];
smiData.RigidTransform(12).ID = 'F[centerstruc-1:-:moveableprop-1]';
smiData.RigidTransform(12).ID = convertCharsToStrings( ...
  smiData.RigidTransform(12).ID);
smiData.RigidTransform(13).translation = ...
  [5.0000000000000044 -0.50000000000000044 3.8000000000000256];
smiData.RigidTransform(13).angle = 2.0943951023931953;
smiData.RigidTransform(13).axis = [-0.57735026918962584 -0.57735026918962584 ...
                                   -0.57735026918962584];
smiData.RigidTransform(13).ID = 'B[9x4.7V3_drone-2:-:moveableprop-1]';
smiData.RigidTransform(13).ID = convertCharsToStrings( ...
  smiData.RigidTransform(13).ID);
smiData.RigidTransform(14).translation = ...
  [0 -204.00000000008086 32.199999999998404];
smiData.RigidTransform(14).angle = 0;
smiData.RigidTransform(14).axis = [0 0 0];
smiData.RigidTransform(14).ID = 'F[9x4.7V3_drone-2:-:moveableprop-1]';
smiData.RigidTransform(14).ID = convertCharsToStrings( ...
  smiData.RigidTransform(14).ID);
smiData.RigidTransform(15).translation = ...
  [5.0000000000000044 -0.50000000000000044 3.8000000000000256];
smiData.RigidTransform(15).angle = 2.0943951023931953;
smiData.RigidTransform(15).axis = [-0.57735026918962584 -0.57735026918962584 ...
                                   -0.57735026918962584];
smiData.RigidTransform(15).ID = 'B[9x4.7V3_drone-3:-:moveableprop-1]';
smiData.RigidTransform(15).ID = convertCharsToStrings( ...
  smiData.RigidTransform(15).ID);
smiData.RigidTransform(16).translation = ...
  [-1.1368683772161603E-13 -204.00000000008092 -71.8000000000014];
smiData.RigidTransform(16).angle = 3.1415926535897922;
smiData.RigidTransform(16).axis = [1 -4.9303806576313216E-32 -1.110223024625156E-16 ...
                                   ];
smiData.RigidTransform(16).ID = 'F[9x4.7V3_drone-3:-:moveableprop-1]';
smiData.RigidTransform(16).ID = convertCharsToStrings( ...
  smiData.RigidTransform(16).ID);
smiData.RigidTransform(17).translation = ...
  [7.2822302462515688E-14 155.999999999919 -77.799999999999983];
smiData.RigidTransform(17).angle = 3.1415926535897931;
smiData.RigidTransform(17).axis = [-1 -1.4791141972893963E-46 4.9999999999999974E-16 ...
                                   ];
smiData.RigidTransform(17).ID = 'B[moveableprop-1:-:9x4.7V3_drone-7]';
smiData.RigidTransform(17).ID = convertCharsToStrings( ...
  smiData.RigidTransform(17).ID);
