<?xml version="1.0" encoding="UTF-8" standalone="no" ?>
<SimscapeMultibodyImportXML version="2.0" xmlns="urn:mathworks:SimscapeMultibody:import" xmlns:xsi="http://www.w3.org/2001/XMLSchema-instance">
<Created by="" on="11/30/23||23:28:08" using="Simscape Multibody Link Version 7.4" from="SolidWorks 31.2.1"/>
<ModelUnits mass="kilogram" length="millimeter"/>
<DataUnits mass="kilogram" length="meter"/>
<RootAssembly name="drone" uid="drone" version="4597">
<AssemblyFile name="drone.SLDASM" type="SolidWorks Assembly"/>
<InstanceTree>
<Instance name="2826motor^drone-7" uid="2826motor^drone-7" entityUid="2826motor^drone*:*默认">
<Transform>
<Rotation>-0.99999999999999989 -4.604623843301124e-14 -1.8189449524935548e-15 -6.1645152567051945e-16 0.05283506219863339 -0.99860325264965277 4.6078027541187365e-14 -0.99860325264965288 -0.052835062198633383</Rotation>
<Translation>0.26093743977995471 0.12461488558446003 0.60733246113034733</Translation>
</Transform>
</Instance>
<Instance name="2826motor^drone-8" uid="2826motor^drone-8" entityUid="2826motor^drone*:*默认">
<Transform>
<Rotation>1 -1.5697251220319881e-14 2.0353294019616158e-15 -1.2031213164387859e-15 0.052835062198633501 0.99860325264965311 -1.5782862881817534e-14 -0.99860325264965311 0.052835062198633501</Rotation>
<Translation>0.2609374397799587 0.16415957438938633 0.60942472959341143</Translation>
</Transform>
</Instance>
<Instance name="9x4.7V3^drone-5" uid="9x4.7V3^drone-5" entityUid="9x4.7V3^drone*:*默认">
<Transform>
<Rotation>-0.99322415503184103 -1.7576081439192432e-16 -0.11621436168256251 -4.5103228389765646e-13 -1 3.8562524751015058e-12 -0.11621436168256251 3.8825395351435327e-12 0.99322415503184103</Rotation>
<Translation>0.26634517512948719 0.091887229985905497 0.3451854153815852</Translation>
</Transform>
</Instance>
<Instance name="2826motor^drone-4" uid="2826motor^drone-4" entityUid="2826motor^drone*:*默认">
<Transform>
<Rotation>-0.99999999999999989 9.241778356854341e-16 -1.7576081439320178e-16 0 -3.8825921910417171e-12 -1 -1.1947950094146576e-15 -0.99999999999999989 3.8825395351435844e-12</Rotation>
<Translation>-0.099062560220065862 0.12458722998591804 0.34837859536216648</Translation>
</Transform>
</Instance>
<Instance name="2826motor^drone-10" uid="2826motor^drone-10" entityUid="2826motor^drone*:*默认">
<Transform>
<Rotation>1 1.2058324395042263e-14 2.0353294019598713e-15 -2.6695888804335152e-15 0.052835062198633501 0.99860325264965311 1.1933945206846602e-14 -0.99860325264965311 0.052835062198633501</Rotation>
<Translation>-0.099062560220076631 0.16415957438938647 0.6094247295934212</Translation>
</Transform>
</Instance>
<Instance name="9x4.7V3^drone-2" uid="9x4.7V3^drone-2" entityUid="9x4.7V3^drone*:*默认">
<Transform>
<Rotation>0.9006228445953115 1.7576081438828925e-16 -0.43460153220283265 1.6871993366068066e-12 1 3.4967801863139148e-12 0.43460153220283265 -3.882539535143481e-12 0.9006228445953115</Rotation>
<Translation>0.25808581137932846 0.19688722998589614 0.34278322089140928</Translation>
</Transform>
</Instance>
<Instance name="2826motor^drone-9" uid="2826motor^drone-9" entityUid="2826motor^drone*:*默认">
<Transform>
<Rotation>0.99999999999999978 2.0274619663718197e-15 1.7576081438815307e-16 -1.7576081434838092e-16 -3.8825395351435327e-12 1 2.0274622779392149e-15 -1.0000000000000002 -3.882539535143481e-12</Rotation>
<Translation>-0.099062560220065848 0.16418722998591809 0.34837859536201271</Translation>
</Transform>
</Instance>
<Instance name="9x4.7V3^drone-6" uid="9x4.7V3^drone-6" entityUid="9x4.7V3^drone*:*默认">
<Transform>
<Rotation>-0.51800465983973143 -1.7576081439333796e-16 0.85537779511998324 3.3211291519581566e-12 -1 2.0110232293184772e-12 0.85537779511998324 3.8825395351435844e-12 0.51800465983973143</Rotation>
<Translation>-0.099722972542323138 0.091887229985893784 0.34213328867930254</Translation>
</Transform>
</Instance>
<Instance name="9x4.7V3^drone-7" uid="9x4.7V3^drone-7" entityUid="9x4.7V3^drone*:*默认">
<Transform>
<Rotation>0.98183067145657021 1.0587415919581124e-16 -0.18975914361932764 7.3659888133303307e-13 1 3.8117860073378445e-12 0.18975914361932764 -3.8823047879459853e-12 0.98183067145657021</Rotation>
<Translation>-0.10325062883159525 0.19688722998589991 0.34369884309225412</Translation>
</Transform>
</Instance>
<Instance name="centerstruc-1" uid="centerstruc-1" entityUid="centerstruc" rigid="true">
<Transform>
<Rotation>-0.89198529086687484 9.4246740448199934e-11 -0.45206442115824286 -0.45206442115824286 -1.820695197711577e-10 0.89198529086687484 1.7595541260354188e-12 1 2.050089317178345e-10</Rotation>
<Translation>0.30742945248066622 -0.04343489673439084 0.63825436041484329</Translation>
</Transform>
<Instance name="carbontube500mm-1" uid="carbontube500mm-1" entityUid="carbontube500mm*:*默认">
<Transform>
<Rotation>0.99990472829388577 4.3902047021083674e-15 0.013803417530832356 2.8732336634218479e-12 1 -2.0845201007820786e-10 -0.013803417530832356 2.0847181094348461e-10 0.99990472829388577</Rotation>
<Translation>0.16449221165838965 -0.63887576510966237 0.27599468911843844</Translation>
</Transform>
</Instance>
<Instance name="carbontube500mm-4" uid="carbontube500mm-4" entityUid="carbontube500mm*:*默认">
<Transform>
<Rotation>1 4.3997163515553461e-15 3.9805936324549602e-11 -4.3997080531395254e-15 1 -2.0847181568183102e-10 -3.980593632455052e-11 2.0847181568183084e-10 1</Rotation>
<Translation>0.05030870389350281 -0.63887576511512656 0.30220778802921239</Translation>
</Transform>
</Instance>
<Instance name="updownconnect-1" uid="updownconnect-1" entityUid="updownconnect*:*默认">
<Transform>
<Rotation>0.89198529086687528 4.4224501551974612e-15 -0.45206442115824141 -9.4246615212109674e-11 1 -1.8595175399483969e-10 0.45206442115824141 2.0847177092627859e-10 0.89198529086687528</Rotation>
<Translation>0.16449221165838973 -0.61087576510966235 0.27599468912427572</Translation>
</Transform>
</Instance>
<Instance name="Motor-1" uid="Motor-1" entityUid="Motor*:*默认">
<Transform>
<Rotation>0.8919852908668745 4.5091891337244131e-15 -0.45206442115824297 -9.4246867188735246e-11 1 -1.8595205930633584e-10 0.45206442115824297 2.0847215716930966e-10 0.8919852908668745</Rotation>
<Translation>0.27767719518688733 -0.28987576512526081 0.35129515070142819</Translation>
</Transform>
</Instance>
<Instance name="Part1-1" uid="Part1-1" entityUid="Part1*:*默认">
<Transform>
<Rotation>0.45206442115824136 -2.1226175683439495e-10 0.89198529086687528 6.5550027263450689e-10 1 -9.4246615212110488e-11 -0.89198529086687528 6.2730214290119301e-10 0.45206442115824136</Rotation>
<Translation>0.12934986930502304 -0.10437576510244351 0.24136788207242638</Translation>
</Transform>
</Instance>
<Instance name="ASM0001_ASM-1" uid="ASM0001_ASM-1" entityUid="ASM0001_ASM" rigid="true">
<Transform>
<Rotation>0.45206442115824141 5.4851250272582525e-15 0.89198529086687528 1.859495240991043e-10 1 -9.4246676444450326e-11 -0.89198529086687528 2.084698095730451e-10 0.45206442115824141</Rotation>
<Translation>0.10054875194974275 -0.071875765106645617 0.26152520949051</Translation>
</Transform>
<Instance name="ASM0002_ASM-1" uid="ASM0002_ASM-1" grounded="true" entityUid="ASM0002_ASM" rigid="true">
<Transform>
<Rotation>1 0 0 0 1 0 0 0 1</Rotation>
<Translation>0 0 0.0015777624931500034</Translation>
</Transform>
<Instance name="PRT0002-1" uid="PRT0002-1" grounded="true" entityUid="PRT0002*:*默认">
<Transform>
<Rotation>-1 0 0 0 -1 0 0 0 1</Rotation>
<Translation>0 0 -0.0020000000000000018</Translation>
</Transform>
</Instance>
<Instance name="PRT0007-1" uid="PRT0007-1" grounded="true" entityUid="PRT0007*:*默认">
<Transform>
<Rotation>-1 0 0 0 0 1 0 1 0</Rotation>
<Translation>0 0 0.019480000000000011</Translation>
</Transform>
</Instance>
<Instance name="PRT0003-4" uid="PRT0003-4" grounded="true" entityUid="PRT0003*:*默认">
<Transform>
<Rotation>-1 0 0 0 0 1 0 1 0</Rotation>
<Translation>-0.010500000000000009 -0.033000000000000029 0.014500000000000013</Translation>
</Transform>
</Instance>
<Instance name="PRT0003-2" uid="PRT0003-2" grounded="true" entityUid="PRT0003*:*默认">
<Transform>
<Rotation>-1 0 0 0 0 1 0 1 0</Rotation>
<Translation>-0.0095000000000000084 0.008499999999999952 0.014500000000000013</Translation>
</Transform>
</Instance>
<Instance name="PRT0001-1" uid="PRT0001-1" grounded="true" entityUid="PRT0001*:*默认">
<Transform>
<Rotation>1 0 0 0 1 0 0 0 1</Rotation>
<Translation>0 0 0</Translation>
</Transform>
</Instance>
<Instance name="PRT0004-2" uid="PRT0004-2" grounded="true" entityUid="PRT0004*:*默认">
<Transform>
<Rotation>1 0 0 0 0 1 0 -1 0</Rotation>
<Translation>-0.0049499999999999822 -0.015190000000000037 -0.0097500000000000087</Translation>
</Transform>
</Instance>
<Instance name="PRT0003-3" uid="PRT0003-3" grounded="true" entityUid="PRT0003*:*默认">
<Transform>
<Rotation>-1 0 0 0 0 1 0 1 0</Rotation>
<Translation>0.010500000000000009 -0.033000000000000029 0.014499999999999999</Translation>
</Transform>
</Instance>
<Instance name="PRT0005-1" uid="PRT0005-1" grounded="true" entityUid="PRT0005*:*默认">
<Transform>
<Rotation>-1 0 0 0 0 1 0 1 0</Rotation>
<Translation>0 0 -0.0184</Translation>
</Transform>
</Instance>
<Instance name="PRT0004-1" uid="PRT0004-1" grounded="true" entityUid="PRT0004*:*默认">
<Transform>
<Rotation>1 0 0 0 0 1 0 -1 0</Rotation>
<Translation>0.0050500000000000267 -0.015189999999999926 -0.0097499999999999948</Translation>
</Transform>
</Instance>
<Instance name="PRT0006-1" uid="PRT0006-1" grounded="true" entityUid="PRT0006*:*默认">
<Transform>
<Rotation>0 -1 0 1 0 0 0 0 1</Rotation>
<Translation>0 0 0.019160000000000024</Translation>
</Transform>
</Instance>
<Instance name="PRT0003-1" uid="PRT0003-1" grounded="true" entityUid="PRT0003*:*默认">
<Transform>
<Rotation>-1 0 0 0 0 1 0 1 0</Rotation>
<Translation>0.0094999999999999807 0.008499999999999952 0.014500000000000013</Translation>
</Transform>
</Instance>
</Instance>
<Instance name="GPA22GT2090-B-H4-1" uid="GPA22GT2090-B-H4-1" grounded="true" entityUid="GPA22GT2090-B-H4" rigid="true">
<Transform>
<Rotation>-5.7999999999999753e-14 -1.9999999960185789e-15 1 0 -1 -1.9999999960185789e-15 1 0 5.7999999999999753e-14</Rotation>
<Translation>2.0261570199409107e-15 0 0.031227762493200015</Translation>
</Transform>
</Instance>
</Instance>
<Instance name="Part1-2" uid="Part1-2" entityUid="Part1*:*默认">
<Transform>
<Rotation>0.45206442115824136 -2.1226174428708663e-10 0.89198529086687528 6.5550024487893107e-10 1 -9.4246615212110437e-11 -0.89198529086687528 6.2730211814362755e-10 0.45206442115824136</Rotation>
<Translation>0.10561648719421574 0.0031242348877997816 0.28819710986534808</Translation>
</Transform>
</Instance>
<Instance name="carbontube500mm-2" uid="carbontube500mm-2" entityUid="carbontube500mm*:*默认">
<Transform>
<Rotation>0.21389217294540719 4.3997163527587928e-15 -0.97685727634731401 -2.0364815112702422e-10 1 -4.458619175912952e-11 0.97685727634731401 2.0847181568183107e-10 0.21389217294540719</Rotation>
<Translation>0.084213535480370888 -0.63887576510118016 0.23530889121419671</Translation>
</Transform>
</Instance>
<Instance name="efom-10-1" uid="efom-10-1" entityUid="efom-10" rigid="true">
<Transform>
<Rotation>1.827167968549727e-13 0.45206442115824269 0.89198529086687461 -1 1.8636583264681308e-10 -9.4246672364518982e-11 -2.0884114882967166e-10 -0.89198529086687461 0.45206442115824269</Rotation>
<Translation>0.17688285731893366 -0.029875765114810937 0.30021187116474524</Translation>
</Transform>
<Instance name="efom-10_01-1" uid="efom-10_01-1" grounded="true" entityUid="efom-10_01*:*默认">
<Transform>
<Rotation>1 0 0 0 1 0 0 0 1</Rotation>
<Translation>0 0 -0.012000000000000005</Translation>
</Transform>
</Instance>
<Instance name="efom-10_02-1" uid="efom-10_02-1" grounded="true" entityUid="efom-10_02*:*默认">
<Transform>
<Rotation>1 0 0 0 1 0 0 0 1</Rotation>
<Translation>0 0 -0.012000000000000005</Translation>
</Transform>
</Instance>
<Instance name="Part13-1" uid="Part13-1" grounded="true" entityUid="Part13*:*默认">
<Transform>
<Rotation>1 0 0 0 1 0 0 0 1</Rotation>
<Translation>0 0 0</Translation>
</Transform>
</Instance>
</Instance>
<Instance name="carbontube400mm-1" uid="carbontube400mm-1" entityUid="carbontube400mm*:*默认">
<Transform>
<Rotation>0.8919852908668745 -0.06186604552690405 -0.44781115806554028 -9.4246867188735246e-11 0.99059146682388755 -0.13685227749547671 0.45206442115824297 0.12207021858980183 0.88359301765931852</Rotation>
<Translation>0.11711984283084989 -0.28987576510829643 0.2699235548929444</Translation>
</Transform>
</Instance>
<Instance name="carbontube500mm-3" uid="carbontube500mm-3" entityUid="carbontube500mm*:*默认">
<Transform>
<Rotation>1 4.364824395300148e-15 3.9805325701886058e-11 -4.3648160970069534e-15 1 -2.0847193305543217e-10 -3.9805325701886969e-11 2.0847193305543199e-10 1</Rotation>
<Translation>0.13058738007152154 -0.63887576512360877 0.34289358593345409</Translation>
</Transform>
</Instance>
<Instance name="Part1-3" uid="Part1-3" entityUid="Part1*:*默认">
<Transform>
<Rotation>0.37611638724359286 -0.25079614056831789 0.89198529086687528 0.5547796484308436 0.83199732072101618 -9.424777625000047e-11 -0.74212937210015961 0.49485528610805701 0.4520644211582413</Rotation>
<Translation>0.10561648719421246 -0.630875765112206 0.28819710973317669</Translation>
</Transform>
</Instance>
<Instance name="efom-10-2" uid="efom-10-2" entityUid="efom-10" rigid="true">
<Transform>
<Rotation>1.9105689333916308e-13 0.45206442115824297 -0.89198529086687484 1 1.8553905980558026e-10 9.4246693782240221e-11 2.0810368929859311e-10 -0.89198529086687484 -0.45206442115824297</Rotation>
<Translation>0.05735682834277242 -0.029875765101987084 0.23963523872954076</Translation>
</Transform>
<Instance name="efom-10_01-1" uid="efom-10_01-1" grounded="true" entityUid="efom-10_01*:*默认">
<Transform>
<Rotation>1 0 0 0 1 0 0 0 1</Rotation>
<Translation>0 0 -0.012000000000000011</Translation>
</Transform>
</Instance>
<Instance name="efom-10_02-1" uid="efom-10_02-1" grounded="true" entityUid="efom-10_02*:*默认">
<Transform>
<Rotation>1 0 0 0 1 0 0 0 1</Rotation>
<Translation>0 0 -0.012000000000000011</Translation>
</Transform>
</Instance>
<Instance name="Part13-1" uid="Part13-1" grounded="true" entityUid="Part13*:*默认">
<Transform>
<Rotation>1 0 0 0 1 0 0 0 1</Rotation>
<Translation>0 0 0</Translation>
</Transform>
</Instance>
</Instance>
<Instance name="updownconnect-3" uid="updownconnect-3" entityUid="updownconnect*:*默认">
<Transform>
<Rotation>0.89198529086687572 4.3997163521854692e-15 -0.45206442115824053 -9.4246615166284139e-11 1 -1.8595180419327703e-10 0.45206442115824053 2.0847181568183022e-10 0.89198529086687572</Rotation>
<Translation>0.084213535480373802 0.023124234898819873 0.23530889135220504</Translation>
</Transform>
</Instance>
<Instance name="updownconnect-2" uid="updownconnect-2" entityUid="updownconnect*:*默认">
<Transform>
<Rotation>0.89198529086687528 4.3997163521908082e-15 -0.45206442115824125 -9.4246615166284307e-11 1 -1.8595180419327695e-10 0.45206442115824125 2.0847181568183024e-10 0.89198529086687528</Rotation>
<Translation>0.084213535480371027 -0.61087576510118013 0.2353088912200339</Translation>
</Transform>
</Instance>
<Instance name="updownconnect-4" uid="updownconnect-4" entityUid="updownconnect*:*默认">
<Transform>
<Rotation>0.8919852908668755 4.3997163521737381e-15 -0.45206442115824103 -9.4246615166284243e-11 1 -1.85951804193277e-10 0.45206442115824103 2.0847181568183024e-10 0.8919852908668755</Rotation>
<Translation>0.16449221165839251 0.023124234890343431 0.27599468925644682</Translation>
</Transform>
</Instance>
<Instance name="connector1-1" uid="connector1-1" entityUid="connector1*:*默认">
<Transform>
<Rotation>0.89198529086687472 4.343848460539898e-15 -0.45206442115824308 -9.4246519850198436e-11 1 -1.8595173970544438e-10 0.45206442115824308 2.0847171507062054e-10 0.89198529086687472</Rotation>
<Translation>0.15725918091985935 -0.28987576511253765 0.29026645384506511</Translation>
</Transform>
</Instance>
<Instance name="Motor-2" uid="Motor-2" entityUid="Motor*:*默认">
<Transform>
<Rotation>0.8919852908668745 4.5091891337708257e-15 -0.45206442115824297 -9.4246867188735272e-11 1 -1.8595205930633579e-10 0.45206442115824297 2.0847215716930963e-10 0.8919852908668745</Rotation>
<Translation>-0.043437509525187656 -0.28987576509133206 0.18855195908446062</Translation>
</Transform>
</Instance>
<Instance name="BearingConnect-1" uid="BearingConnect-1" entityUid="BearingConnect*:*默认">
<Transform>
<Rotation>-0.89198529086687472 -4.503535937130134e-15 -0.45206442115824308 9.4246860850881257e-11 -1 -1.8595205930616919e-10 -0.45206442115824308 -2.0847215430404233e-10 0.89198529086687472</Rotation>
<Translation>0.036841166652832325 -0.029875765099919294 0.22923775704290508</Translation>
</Transform>
</Instance>
<Instance name="servoconnect_tubes-1" uid="servoconnect_tubes-1" entityUid="servoconnect_tubes*:*默认">
<Transform>
<Rotation>0.89198529086687528 4.4224501551974612e-15 -0.45206442115824141 -9.4246615212109674e-11 1 -1.8595175399483969e-10 0.45206442115824141 2.0847177092627859e-10 0.89198529086687528</Rotation>
<Translation>0.13113383988675625 -0.10437576510263202 0.24227201091474268</Translation>
</Transform>
</Instance>
<Instance name="BearingConnect-2" uid="BearingConnect-2" entityUid="BearingConnect*:*默认">
<Transform>
<Rotation>0.89198529086687484 4.3636389940869773e-15 -0.45206442115824286 -9.4246666026664243e-11 1 -1.8595198435359339e-10 0.45206442115824286 2.0847199937435031e-10 0.89198529086687484</Rotation>
<Translation>0.19739851900886979 -0.029875765116878616 0.31060935285138874</Translation>
</Transform>
</Instance>
<Instance name="Gear36T-1" uid="Gear36T-1" entityUid="Gear36T*:*默认">
<Transform>
<Rotation>0.40645831515274072 -0.19787339113769864 0.89198529086687428 0.4377106048432392 0.89911591377739808 -9.4245583559526835e-11 -0.80199816985511929 0.39043142121491919 0.45206442115824308</Rotation>
<Translation>0.12960939774383795 -0.071875269961876209 0.27624898245337931</Translation>
</Transform>
</Instance>
<Instance name="connector1-2" uid="connector1-2" entityUid="connector1*:*默认">
<Transform>
<Rotation>0.89198529086687472 4.3242227890899505e-15 -0.45206442115824302 -9.4246526556354399e-11 1 -1.8595179635105226e-10 0.45206442115824302 2.0847176862928408e-10 0.89198529086687472</Rotation>
<Translation>0.076980504741840483 -0.28987576510405538 0.24958065594082343</Translation>
</Transform>
</Instance>
</Instance>
<Instance name="9x4.7V3^drone-3" uid="9x4.7V3^drone-3" entityUid="9x4.7V3^drone*:*默认">
<Transform>
<Rotation>0.87466963527439057 1.8604606187574432e-15 -0.48471953656621325 -0.025610186863370396 0.99860325264965299 -0.046213224582977774 0.4840425058378528 0.052835062198633695 0.87344794277889204</Rotation>
<Translation>0.25840602584251349 0.19711756193876159 0.60541312141556869</Translation>
</Transform>
</Instance>
<Instance name="platform-1" uid="platform-1" entityUid="platform" rigid="true">
<Transform>
<Rotation>-1 1.4919735408633205e-16 -1.2767564784473694e-15 -1.2767564784503811e-15 3.882164315294232e-12 1 1.4919735409128886e-16 1 -3.882164315294232e-12</Rotation>
<Translation>0.078737584450106535 0.21374284908355062 0.47278972515919954</Translation>
</Transform>
<Instance name="ASM0001_ASM-1" uid="ASM0001_ASM-1" entityUid="ASM0001_ASM" rigid="true">
<Transform>
<Rotation>0 0 1 9.9999999999969282e-16 -1 0 1 9.9999999999969282e-16 0</Rotation>
<Translation>0.0082223821770224387 -0.058404558004433726 0.020644380902850201</Translation>
</Transform>
<Instance name="ASM0002_ASM-1" uid="ASM0002_ASM-1" grounded="true" entityUid="ASM0002_ASM" rigid="true">
<Transform>
<Rotation>1 0 0 0 1 0 0 0 1</Rotation>
<Translation>0 0 0.0015777624931500034</Translation>
</Transform>
<Instance name="PRT0002-1" uid="PRT0002-1" grounded="true" entityUid="PRT0002*:*默认">
<Transform>
<Rotation>-1 0 0 0 -1 0 0 0 1</Rotation>
<Translation>0 0 -0.0020000000000000018</Translation>
</Transform>
</Instance>
<Instance name="PRT0007-1" uid="PRT0007-1" grounded="true" entityUid="PRT0007*:*默认">
<Transform>
<Rotation>-1 0 0 0 0 1 0 1 0</Rotation>
<Translation>0 0 0.019480000000000011</Translation>
</Transform>
</Instance>
<Instance name="PRT0003-4" uid="PRT0003-4" grounded="true" entityUid="PRT0003*:*默认">
<Transform>
<Rotation>-1 0 0 0 0 1 0 1 0</Rotation>
<Translation>-0.010500000000000037 -0.033000000000000029 0.01450000000000002</Translation>
</Transform>
</Instance>
<Instance name="PRT0003-2" uid="PRT0003-2" grounded="true" entityUid="PRT0003*:*默认">
<Transform>
<Rotation>-1 0 0 0 0 1 0 1 0</Rotation>
<Translation>-0.0095000000000000084 0.0085000000000000075 0.01450000000000002</Translation>
</Transform>
</Instance>
<Instance name="PRT0001-1" uid="PRT0001-1" grounded="true" entityUid="PRT0001*:*默认">
<Transform>
<Rotation>1 0 0 0 1 0 0 0 1</Rotation>
<Translation>0 0 0</Translation>
</Transform>
</Instance>
<Instance name="PRT0004-2" uid="PRT0004-2" grounded="true" entityUid="PRT0004*:*默认">
<Transform>
<Rotation>1 0 0 0 0 1 0 -1 0</Rotation>
<Translation>-0.0049500000000000099 -0.015189999999999981 -0.0097499999999999809</Translation>
</Transform>
</Instance>
<Instance name="PRT0003-3" uid="PRT0003-3" grounded="true" entityUid="PRT0003*:*默认">
<Transform>
<Rotation>-1 0 0 0 0 1 0 1 0</Rotation>
<Translation>0.010499999999999982 -0.032999999999999974 0.01450000000000002</Translation>
</Transform>
</Instance>
<Instance name="PRT0005-1" uid="PRT0005-1" grounded="true" entityUid="PRT0005*:*默认">
<Transform>
<Rotation>-1 0 0 0 0 1 0 1 0</Rotation>
<Translation>0 0 -0.0184</Translation>
</Transform>
</Instance>
<Instance name="PRT0004-1" uid="PRT0004-1" grounded="true" entityUid="PRT0004*:*默认">
<Transform>
<Rotation>1 0 0 0 0 1 0 -1 0</Rotation>
<Translation>0.0050499999999999989 -0.015189999999999981 -0.0097499999999999809</Translation>
</Transform>
</Instance>
<Instance name="PRT0006-1" uid="PRT0006-1" grounded="true" entityUid="PRT0006*:*默认">
<Transform>
<Rotation>0 -1 0 1 0 0 0 0 1</Rotation>
<Translation>0 0 0.01916000000000001</Translation>
</Transform>
</Instance>
<Instance name="PRT0003-1" uid="PRT0003-1" grounded="true" entityUid="PRT0003*:*默认">
<Transform>
<Rotation>-1 0 0 0 0 1 0 1 0</Rotation>
<Translation>0.0094999999999999807 0.0085000000000000075 0.014500000000000013</Translation>
</Transform>
</Instance>
</Instance>
<Instance name="GPA22GT2090-B-H4-1" uid="GPA22GT2090-B-H4-1" grounded="true" entityUid="GPA22GT2090-B-H4" rigid="true">
<Transform>
<Rotation>-5.8000000000003603e-14 -2.0000000000001934e-15 1 0 -1 -2.0000000000001934e-15 1 0 5.7999999999996408e-14</Rotation>
<Translation>1.9984014443252818e-15 0 0.031227762493200015</Translation>
</Transform>
</Instance>
</Instance>
<Instance name="10mm 8mm bore idler-1" uid="10mm 8mm bore idler-1" entityUid="10mm 8mm bore idler" rigid="true">
<Transform>
<Rotation>0 -1 0 1 0 0 0 0 1</Rotation>
<Translation>0.047150144670222459 -0.088781347781898834 0.030094567151012219</Translation>
</Transform>
<Instance name="Body-1" uid="Body-1" grounded="true" entityUid="Body*:*默认">
<Transform>
<Rotation>1 0 0 0 1 0 0 0 1</Rotation>
<Translation>0 0 0</Translation>
</Transform>
</Instance>
<Instance name="Bearing-1" uid="Bearing-1" grounded="true" entityUid="Bearing*:*默认">
<Transform>
<Rotation>1 0 0 0 1 0 0 0 1</Rotation>
<Translation>0 0 0</Translation>
</Transform>
</Instance>
</Instance>
<Instance name="10mm 8mm bore idler-2" uid="10mm 8mm bore idler-2" entityUid="10mm 8mm bore idler" rigid="true">
<Transform>
<Rotation>0 -1 0 1 0 0 0 0 1</Rotation>
<Translation>0.047150144670222466 -0.028781347781888678 0.030094567151012525</Translation>
</Transform>
<Instance name="Body-1" uid="Body-1" grounded="true" entityUid="Body*:*默认">
<Transform>
<Rotation>1 0 0 0 1 0 0 0 1</Rotation>
<Translation>0 0 0</Translation>
</Transform>
</Instance>
<Instance name="Bearing-1" uid="Bearing-1" grounded="true" entityUid="Bearing*:*默认">
<Transform>
<Rotation>1 0 0 0 1 0 0 0 1</Rotation>
<Translation>0 0 0</Translation>
</Transform>
</Instance>
</Instance>
<Instance name="F3.stp-1" uid="F3.stp-1" entityUid="F3.stp*:*默认">
<Transform>
<Rotation>8.0000000000000006e-15 0 1 1 0 -8.0000000000000006e-15 0 1 0</Rotation>
<Translation>0.009800144670172109 -0.043904558004433825 0.0016443809028502121</Translation>
</Transform>
</Instance>
<Instance name="platform-1" uid="platform-1" entityUid="platform*:*默认">
<Transform>
<Rotation>1 0 0 0 1 0 0 0 1</Rotation>
<Translation>-0.0021998553298275547 0.0020954419955662718 -0.010355619097149799</Translation>
</Transform>
</Instance>
</Instance>
<Instance name="9x4.7V3^drone-4" uid="9x4.7V3^drone-4" entityUid="9x4.7V3^drone*:*默认">
<Transform>
<Rotation>-0.92697758462264779 -1.7481907622813632e-15 0.37511672530981849 -0.01981931551349032 -0.99860325264965311 -0.048976918340277224 0.37459278201767116 -0.052835062198633397 0.92568283113749494</Rotation>
<Translation>0.26414688414686965 0.092245768090076397 0.60021419592805048</Translation>
</Transform>
</Instance>
<Instance name="9x4.7V3^drone-8" uid="9x4.7V3^drone-8" entityUid="9x4.7V3^drone*:*默认">
<Transform>
<Rotation>0.99069180654595979 -1.9368661245550897e-15 -0.13612400391812798 0.0071921202137393576 -0.99860325264965299 0.052343263218532277 -0.13593387307633681 -0.05283506219863314 -0.98930806039015617</Rotation>
<Translation>-0.10349874803790733 0.091725694221517287 0.61004379459132618</Translation>
</Transform>
</Instance>
<Instance name="2826motor^drone-2" uid="2826motor^drone-2" entityUid="2826motor^drone*:*默认">
<Transform>
<Rotation>0.99999999999999978 -1.185032584144264e-14 1.757608143881472e-16 -1.7576081440230114e-16 -3.8825395351435327e-12 1 -1.1850325529875238e-14 -1.0000000000000002 -3.882539535143481e-12</Rotation>
<Translation>0.26093743977993666 0.16418722998591787 0.34837859536201082</Translation>
</Transform>
</Instance>
<Instance name="2826motor^drone-3" uid="2826motor^drone-3" entityUid="2826motor^drone*:*默认">
<Transform>
<Rotation>-1 7.5716381959452183e-15 -1.7576081439179107e-16 1.7576081436247917e-16 -3.8825395351435295e-12 -1 -7.5716385071447822e-15 -1 3.8825395351435327e-12</Rotation>
<Translation>0.26093743977992945 0.12458722998591788 0.34837859536217008</Translation>
</Transform>
</Instance>
<Instance name="2826motor^drone-6" uid="2826motor^drone-6" entityUid="2826motor^drone*:*默认">
<Transform>
<Rotation>-1 -7.5180274707900293e-15 -1.926554666543165e-15 1.52664830738652e-15 0.052835062198633057 -0.99860325264965311 7.6093163214762587e-15 -0.99860325264965311 -0.052835062198633057</Rotation>
<Translation>-0.099062560220066362 0.12461488558446006 0.60733246113035699</Translation>
</Transform>
</Instance>
<Instance name="moveableprop-1" uid="moveableprop-1" entityUid="moveableprop" rigid="true">
<Transform>
<Rotation>0.98498655123927881 0.1213944266031113 -0.12273910162394722 0.073877576313262069 0.34617754408494072 0.93525569321410562 0.15602434936839174 -0.93028194713270707 0.33201189924933311</Rotation>
<Translation>0.17952747654729895 0.2921693781930555 0.71793436708862002</Translation>
</Transform>
<Instance name="carbontube400mm-1" uid="carbontube400mm-1" entityUid="carbontube400mm*:*默认">
<Transform>
<Rotation>-0.98498655123927881 -0.10369951812718813 0.13801414354311892 -0.12139442660311106 -0.15234759438158119 -0.98084331249993595 0.12273910162394677 -0.98287161950395852 0.13747178803744525</Rotation>
<Translation>-0.12512101523709179 0.038790614533819601 -0.16248706276801622</Translation>
</Transform>
</Instance>
<Instance name="Gear48T-1" uid="Gear48T-1" entityUid="Gear48T*:*默认">
<Transform>
<Rotation>-0.082017944207678051 -0.15190309643222838 0.98498655123927836 -0.29654251697847112 0.94727289036147067 0.1213944266031125 -0.95149124665023566 -0.28213386978618227 -0.12273910162394942</Rotation>
<Translation>-0.13891082695451429 0.037091092561347572 -0.16076871534523191</Translation>
</Transform>
</Instance>
<Instance name="Motor-1" uid="Motor-1" entityUid="Motor*:*默认">
<Transform>
<Rotation>-0.98498655123927847 0.15190309643222777 0.082017944207678273 -0.12139442660311223 -0.94727289036147155 0.29654251697846817 0.1227391016239491 0.28213386978617944 0.95149124665023643</Rotation>
<Translation>-0.30241859446016239 0.016939617745259206 -0.14039402447570509</Translation>
</Transform>
</Instance>
<Instance name="Motor-2" uid="Motor-2" entityUid="Motor*:*默认">
<Transform>
<Rotation>-0.98498655123927847 0.15190309643222777 0.082017944207678273 -0.12139442660311223 -0.94727289036147155 0.29654251697846817 0.1227391016239491 0.28213386978617944 0.95149124665023643</Rotation>
<Translation>0.052176563985977864 0.060641611322379663 -0.1845801010603268</Translation>
</Transform>
</Instance>
</Instance>
<Instance name="9x4.7V3^drone-9" uid="9x4.7V3^drone-9" entityUid="9x4.7V3^drone*:*默认">
<Transform>
<Rotation>0.88062882320344837 1.8808862921437677e-15 -0.47380679157575351 -0.025033611303041638 0.99860325264965299 -0.046528078647862847 0.47314500319504355 0.052835062198633646 0.87939880722799979</Rotation>
<Translation>-0.10166523852809561 0.19711587550640711 0.60544499564387666</Translation>
</Transform>
</Instance>
</InstanceTree>
<Constraints>
<Concentric name="同心6">
<ConstraintGeometry geomType="cylinder">
<InstancePath>
<Uid>centerstruc-1</Uid>
<Uid>efom-10-1</Uid>
<Uid>efom-10_01-1</Uid>
</InstancePath>
<Position>0 0 0.0075000000000000032</Position>
<Axis>0 0 1.0000000000000002</Axis>
</ConstraintGeometry>
<ConstraintGeometry geomType="cylinder">
<InstancePath>
<Uid>moveableprop-1</Uid>
<Uid>carbontube400mm-1</Uid>
</InstancePath>
<Position>0 0 0</Position>
<Axis>1.0000000000000002 0 0</Axis>
</ConstraintGeometry>
</Concentric>
<Concentric name="同心33">
<ConstraintGeometry geomType="cylinder">
<InstancePath>
<Uid>2826motor^drone-2</Uid>
</InstancePath>
<Position>0 0 0.038199999999999984</Position>
<Axis>0 0 1</Axis>
</ConstraintGeometry>
<ConstraintGeometry geomType="cylinder">
<InstancePath>
<Uid>9x4.7V3^drone-2</Uid>
</InstancePath>
<Position>0.0049999999999999489 -0.00049999999999997269 0.0037999999999999701</Position>
<Axis>0 1 0</Axis>
</ConstraintGeometry>
</Concentric>
<Coincident name="重合26">
<ConstraintGeometry geomType="plane">
<InstancePath>
<Uid>2826motor^drone-2</Uid>
</InstancePath>
<Position>0 0 0.032200000000000006</Position>
<Axis>0 0 1</Axis>
</ConstraintGeometry>
<ConstraintGeometry geomType="plane">
<InstancePath>
<Uid>9x4.7V3^drone-2</Uid>
</InstancePath>
<Position>0.0049999999999999489 -0.00049999999999997269 0.0037999999999999701</Position>
<Axis>0 -1 0</Axis>
</ConstraintGeometry>
</Coincident>
<Coincident name="重合35">
<ConstraintGeometry geomType="plane">
<InstancePath>
<Uid>centerstruc-1</Uid>
<Uid>carbontube400mm-1</Uid>
</InstancePath>
<Position>0.20499999999999999 0 0</Position>
<Axis>1 0 0</Axis>
</ConstraintGeometry>
<ConstraintGeometry geomType="plane">
<InstancePath>
<Uid>moveableprop-1</Uid>
<Uid>carbontube400mm-1</Uid>
</InstancePath>
<Position>0.20500000000000007 0 -1.1102230246251565e-16</Position>
<Axis>1.0000000000000002 0 0</Axis>
</ConstraintGeometry>
</Coincident>
<Concentric name="同心43">
<ConstraintGeometry geomType="cylinder">
<InstancePath>
<Uid>centerstruc-1</Uid>
<Uid>Motor-1</Uid>
</InstancePath>
<Position>0 0 -0.01780000000000001</Position>
<Axis>0 0 -1.0000000000000002</Axis>
</ConstraintGeometry>
<ConstraintGeometry geomType="cylinder">
<InstancePath>
<Uid>2826motor^drone-4</Uid>
</InstancePath>
<Position>0 0 0.013100000000000001</Position>
<Axis>1.0819222476543172e-16 0 1</Axis>
</ConstraintGeometry>
</Concentric>
<Coincident name="重合37">
<ConstraintGeometry geomType="plane">
<InstancePath>
<Uid>centerstruc-1</Uid>
<Uid>Motor-1</Uid>
</InstancePath>
<Position>0 0 -0.019800000000000026</Position>
<Axis>0 0 -1.0000000000000002</Axis>
</ConstraintGeometry>
<ConstraintGeometry geomType="plane">
<InstancePath>
<Uid>2826motor^drone-4</Uid>
</InstancePath>
<Position>0 0 0</Position>
<Axis>-1.0819222476543172e-16 0 -1</Axis>
</ConstraintGeometry>
</Coincident>
<Concentric name="同心44">
<ConstraintGeometry geomType="cylinder">
<InstancePath>
<Uid>2826motor^drone-2</Uid>
</InstancePath>
<Position>0 0 0.013100000000000001</Position>
<Axis>0 0 1</Axis>
</ConstraintGeometry>
<ConstraintGeometry geomType="cylinder">
<InstancePath>
<Uid>centerstruc-1</Uid>
<Uid>Motor-2</Uid>
</InstancePath>
<Position>0 0 -0.01780000000000001</Position>
<Axis>0 0 -1.0000000000000002</Axis>
</ConstraintGeometry>
</Concentric>
<Coincident name="重合38">
<ConstraintGeometry geomType="plane">
<InstancePath>
<Uid>2826motor^drone-2</Uid>
</InstancePath>
<Position>0 0 0</Position>
<Axis>0 0 -1</Axis>
</ConstraintGeometry>
<ConstraintGeometry geomType="plane">
<InstancePath>
<Uid>centerstruc-1</Uid>
<Uid>Motor-2</Uid>
</InstancePath>
<Position>0 0 0.019800000000000012</Position>
<Axis>0 0 1.0000000000000002</Axis>
</ConstraintGeometry>
</Coincident>
<Concentric name="同心45">
<ConstraintGeometry geomType="cylinder">
<InstancePath>
<Uid>centerstruc-1</Uid>
<Uid>Motor-2</Uid>
</InstancePath>
<Position>0 0 -0.01780000000000001</Position>
<Axis>0 0 -1.0000000000000002</Axis>
</ConstraintGeometry>
<ConstraintGeometry geomType="cylinder">
<InstancePath>
<Uid>2826motor^drone-3</Uid>
</InstancePath>
<Position>0 0 0.013100000000000001</Position>
<Axis>0 0 1</Axis>
</ConstraintGeometry>
</Concentric>
<Coincident name="重合39">
<ConstraintGeometry geomType="plane">
<InstancePath>
<Uid>centerstruc-1</Uid>
<Uid>Motor-2</Uid>
</InstancePath>
<Position>0 0 -0.019800000000000026</Position>
<Axis>0 0 -1.0000000000000002</Axis>
</ConstraintGeometry>
<ConstraintGeometry geomType="plane">
<InstancePath>
<Uid>2826motor^drone-3</Uid>
</InstancePath>
<Position>0 0 0</Position>
<Axis>0 0 -1</Axis>
</ConstraintGeometry>
</Coincident>
<Concentric name="同心50">
<ConstraintGeometry geomType="cylinder">
<InstancePath>
<Uid>centerstruc-1</Uid>
<Uid>carbontube500mm-3</Uid>
</InstancePath>
<Position>0 0.32500000000000001 0</Position>
<Axis>0 1 0</Axis>
</ConstraintGeometry>
<ConstraintGeometry geomType="cylinder">
<InstancePath>
<Uid>platform-1</Uid>
<Uid>platform-1</Uid>
</InstancePath>
<Position>0.045000000000000012 0.06899999999999995 0</Position>
<Axis>0 -1 0</Axis>
</ConstraintGeometry>
</Concentric>
<Concentric name="同心51">
<ConstraintGeometry geomType="cylinder">
<InstancePath>
<Uid>centerstruc-1</Uid>
<Uid>carbontube500mm-4</Uid>
</InstancePath>
<Position>0 0.32500000000000001 0</Position>
<Axis>0 1 0</Axis>
</ConstraintGeometry>
<ConstraintGeometry geomType="cylinder">
<InstancePath>
<Uid>platform-1</Uid>
<Uid>platform-1</Uid>
</InstancePath>
<Position>-0.044999999999999971 0.06899999999999995 0</Position>
<Axis>0 1 0</Axis>
</ConstraintGeometry>
</Concentric>
<Concentric name="同心58">
<ConstraintGeometry geomType="cylinder">
<InstancePath>
<Uid>centerstruc-1</Uid>
<Uid>Motor-2</Uid>
</InstancePath>
<Position>0 -0.0080000000000000071 -0.01780000000000001</Position>
<Axis>0 0 -1.0000000000000002</Axis>
</ConstraintGeometry>
<ConstraintGeometry geomType="cylinder">
<InstancePath>
<Uid>2826motor^drone-3</Uid>
</InstancePath>
<Position>0 0.0080000000000000071 0.0020000000000000018</Position>
<Axis>0 0 -1</Axis>
</ConstraintGeometry>
</Concentric>
<Concentric name="同心59">
<ConstraintGeometry geomType="cylinder">
<InstancePath>
<Uid>2826motor^drone-2</Uid>
</InstancePath>
<Position>0 0.0080000000000000071 0.0020000000000000018</Position>
<Axis>0 0 -1</Axis>
</ConstraintGeometry>
<ConstraintGeometry geomType="cylinder">
<InstancePath>
<Uid>centerstruc-1</Uid>
<Uid>Motor-2</Uid>
</InstancePath>
<Position>0 -0.0080000000000000071 -0.01780000000000001</Position>
<Axis>0 0 -1.0000000000000002</Axis>
</ConstraintGeometry>
</Concentric>
<Concentric name="同心61">
<ConstraintGeometry geomType="cylinder">
<InstancePath>
<Uid>centerstruc-1</Uid>
<Uid>Motor-1</Uid>
</InstancePath>
<Position>0 -0.0080000000000000071 -0.01780000000000001</Position>
<Axis>0 0 -1.0000000000000002</Axis>
</ConstraintGeometry>
<ConstraintGeometry geomType="cylinder">
<InstancePath>
<Uid>2826motor^drone-4</Uid>
</InstancePath>
<Position>0 0.0080000000000000071 0.0020000000000000018</Position>
<Axis>-1.0819222476543172e-16 0 -1</Axis>
</ConstraintGeometry>
</Concentric>
<Coincident name="重合47">
<ConstraintGeometry geomType="plane">
<InstancePath>
<Uid>moveableprop-1</Uid>
<Uid>Gear48T-1</Uid>
</InstancePath>
<Position>0 0 -0.010000000000000016</Position>
<Axis>0 0 -1</Axis>
</ConstraintGeometry>
<ConstraintGeometry geomType="plane">
<InstancePath>
<Uid>centerstruc-1</Uid>
<Uid>Gear36T-1</Uid>
</InstancePath>
<Position>0 -1.1102230246251565e-16 0.0099999999999999811</Position>
<Axis>0 0 0.99999999999999989</Axis>
</ConstraintGeometry>
</Coincident>
<Concentric name="同心73">
<ConstraintGeometry geomType="cylinder">
<InstancePath>
<Uid>moveableprop-1</Uid>
<Uid>Motor-1</Uid>
</InstancePath>
<Position>0 0 -0.01780000000000001</Position>
<Axis>0 0 -1.0000000000000002</Axis>
</ConstraintGeometry>
<ConstraintGeometry geomType="cylinder">
<InstancePath>
<Uid>2826motor^drone-10</Uid>
</InstancePath>
<Position>0 1.1102230246251565e-16 0.013099999999999973</Position>
<Axis>0 0 1.0000000000000002</Axis>
</ConstraintGeometry>
</Concentric>
<Coincident name="重合52">
<ConstraintGeometry geomType="plane">
<InstancePath>
<Uid>moveableprop-1</Uid>
<Uid>Motor-1</Uid>
</InstancePath>
<Position>0 1.1102230246251565e-16 0.019799999999999984</Position>
<Axis>0 0 1.0000000000000002</Axis>
</ConstraintGeometry>
<ConstraintGeometry geomType="plane">
<InstancePath>
<Uid>2826motor^drone-10</Uid>
</InstancePath>
<Position>0 0 0</Position>
<Axis>0 0 -1.0000000000000002</Axis>
</ConstraintGeometry>
</Coincident>
<Concentric name="同心74">
<ConstraintGeometry geomType="cylinder">
<InstancePath>
<Uid>moveableprop-1</Uid>
<Uid>Motor-1</Uid>
</InstancePath>
<Position>0 0.0080000000000001181 -0.01780000000000001</Position>
<Axis>0 0 -1.0000000000000002</Axis>
</ConstraintGeometry>
<ConstraintGeometry geomType="cylinder">
<InstancePath>
<Uid>2826motor^drone-10</Uid>
</InstancePath>
<Position>0 -0.0080000000000001181 0.001999999999999974</Position>
<Axis>0 0 -1.0000000000000002</Axis>
</ConstraintGeometry>
</Concentric>
<Concentric name="同心75">
<ConstraintGeometry geomType="cylinder">
<InstancePath>
<Uid>moveableprop-1</Uid>
<Uid>Motor-1</Uid>
</InstancePath>
<Position>0 0 -0.01780000000000001</Position>
<Axis>0 0 -1.0000000000000002</Axis>
</ConstraintGeometry>
<ConstraintGeometry geomType="cylinder">
<InstancePath>
<Uid>2826motor^drone-6</Uid>
</InstancePath>
<Position>0 -1.1102230246251565e-16 0.013100000000000028</Position>
<Axis>0 0 1.0000000000000002</Axis>
</ConstraintGeometry>
</Concentric>
<Coincident name="重合53">
<ConstraintGeometry geomType="plane">
<InstancePath>
<Uid>moveableprop-1</Uid>
<Uid>Motor-1</Uid>
</InstancePath>
<Position>0 0 -0.019799999999999984</Position>
<Axis>0 0 -1.0000000000000002</Axis>
</ConstraintGeometry>
<ConstraintGeometry geomType="plane">
<InstancePath>
<Uid>2826motor^drone-6</Uid>
</InstancePath>
<Position>0 0 0</Position>
<Axis>0 0 -1.0000000000000002</Axis>
</ConstraintGeometry>
</Coincident>
<Concentric name="同心76">
<ConstraintGeometry geomType="cylinder">
<InstancePath>
<Uid>moveableprop-1</Uid>
<Uid>Motor-1</Uid>
</InstancePath>
<Position>0 0.0080000000000001181 -0.01780000000000001</Position>
<Axis>0 0 -1.0000000000000002</Axis>
</ConstraintGeometry>
<ConstraintGeometry geomType="cylinder">
<InstancePath>
<Uid>2826motor^drone-6</Uid>
</InstancePath>
<Position>0 -0.0080000000000001181 0.001999999999999974</Position>
<Axis>0 0 -1.0000000000000002</Axis>
</ConstraintGeometry>
</Concentric>
<Concentric name="同心77">
<ConstraintGeometry geomType="cylinder">
<InstancePath>
<Uid>2826motor^drone-10</Uid>
</InstancePath>
<Position>0 0 0.038200000000000012</Position>
<Axis>0 0 1.0000000000000002</Axis>
</ConstraintGeometry>
<ConstraintGeometry geomType="cylinder">
<InstancePath>
<Uid>9x4.7V3^drone-9</Uid>
</InstancePath>
<Position>0.0050000000000000322 0.0040000000000000036 0.0038000000000000256</Position>
<Axis>0 -1.0000000000000002 0</Axis>
</ConstraintGeometry>
</Concentric>
<Coincident name="重合54">
<ConstraintGeometry geomType="plane">
<InstancePath>
