<?xml version="1.0" encoding="UTF-8" standalone="no" ?>
<SimscapeMultibodyImportXML version="2.0" xmlns="urn:mathworks:SimscapeMultibody:import" xmlns:xsi="http://www.w3.org/2001/XMLSchema-instance">
<Created by="" on="12/01/23||15:25:53" using="Simscape Multibody Link Version 7.4" from="SolidWorks 31.2.1"/>
<ModelUnits mass="kilogram" length="millimeter"/>
<DataUnits mass="kilogram" length="meter"/>
<RootAssembly name="drone" uid="drone" version="171">
<AssemblyFile name="drone.SLDASM" type="SolidWorks Assembly"/>
<InstanceTree>
<Instance name="2826motor_drone_2-16" uid="2826motor_drone_2-16" entityUid="2826motor_drone_2*:*Default">
<Transform>
<Rotation>1 2.0000000000000002e-15 0 0 -3.8830000000000003e-12 1 2.0000000000000002e-15 -1 -3.8830000000000003e-12</Rotation>
<Translation>-0.10487369058454496 0.17931159778159789 0.36643578332021343</Translation>
</Transform>
</Instance>
<Instance name="2826motor_drone_2-17" uid="2826motor_drone_2-17" entityUid="2826motor_drone_2*:*Default">
<Transform>
<Rotation>1 3.4577279152368522e-15 2.3212518040918666e-15 -2.7275844885336938e-15 0.12257678402663136 0.99245903291656756 3.1471217217829947e-15 -0.99245903291656756 0.12257678402663136</Rotation>
<Translation>-0.10487369058446863 0.1791622866343538 0.62886280364381697</Translation>
</Transform>
</Instance>
<Instance name="9x4.7V3_drone_2-11" uid="9x4.7V3_drone_2-11" entityUid="9x4.7V3_drone_2*:*Default">
<Transform>
<Rotation>0.82291031858635433 1.7978773740000746e-15 -0.56817128364966207 -0.069644608726060042 0.99245903291656756 -0.10086970039464498 0.56388672270190832 0.1225767840266314 0.8167047789612778</Rotation>
<Translation>0.25317080870047171 0.21234722491585462 0.6269481527079247</Translation>
</Transform>
</Instance>
<Instance name="9x4.7V3_drone_2-12" uid="9x4.7V3_drone_2-12" entityUid="9x4.7V3_drone_2*:*Default">
<Transform>
<Rotation>-0.92348764094910463 -1.978834901788448e-15 0.38362817546976069 -0.047023908011085559 -0.99245903291656767 -0.11319814511588216 0.38073524802626618 -0.12257678402663107 0.91652365104675082</Rotation>
<Translation>0.25828596055349506 0.10807277104598022 0.61461403604458198</Translation>
</Transform>
</Instance>
<Instance name="2826motor_drone_2-14" uid="2826motor_drone_2-14" entityUid="2826motor_drone_2*:*Default">
<Transform>
<Rotation>-1 2.4328519681711125e-14 -1.391272401014056e-15 4.3628925643466738e-15 0.12257678402663136 -0.99245903291656756 -2.3974521418981367e-14 -0.99245903291656756 -0.12257678402663136</Rotation>
<Translation>0.25512630941551551 0.13986090893085515 0.62400876299636998</Translation>
</Transform>
</Instance>
<Instance name="9x4.7V3_drone_2-13" uid="9x4.7V3_drone_2-13" entityUid="9x4.7V3_drone_2*:*Default">
<Transform>
<Rotation>-0.99582073185325148 -2.5927827233247164e-16 0.091329458616891943 3.5489265422278326e-13 -1 3.8667719017861895e-12 0.091329458616891943 3.8830237791235902e-12 0.99582073185325148</Rotation>
<Translation>0.25975836113197698 0.10701159778158187 0.36219501724636716</Translation>
</Transform>
</Instance>
<Instance name="2826motor_drone_2-12" uid="2826motor_drone_2-12" entityUid="2826motor_drone_2*:*Default">
<Transform>
<Rotation>-1 8.0000000000000006e-15 0 0 -3.8830000000000003e-12 -1 -8.0000000000000006e-15 -1 3.8830000000000003e-12</Rotation>
<Translation>0.25512630941545233 0.13971159778159839 0.36643578332036841</Translation>
</Transform>
</Instance>
<Instance name="9x4.7V3_drone_2-14" uid="9x4.7V3_drone_2-14" entityUid="9x4.7V3_drone_2*:*Default">
<Transform>
<Rotation>-0.31208042154299348 2.2376685051554255e-16 0.95005568809914909 3.6886453535228029e-12 -1 1.2119055526146768e-12 0.95005568809914909 3.8826304952251188e-12 0.31208042154299348</Rotation>
<Translation>-0.10692350009160675 0.10701159778157528 0.36049959927813496</Translation>
</Transform>
</Instance>
<Instance name="moveableprop_2-1" uid="moveableprop_2-1" entityUid="moveableprop_2" rigid="true">
<Transform>
<Rotation>0.98498655123927825 0.12139442660311285 -0.12273910162394877 0.062779656545806917 0.41041996411521753 0.90973302005569434 0.16081109601561425 -0.90378030861784397 0.39663704460487798</Rotation>
<Translation>0.17371634618289755 0.29926605585280042 0.74606321285263755</Translation>
</Transform>
<Instance name="carbontube400mm_2-1" uid="carbontube400mm_2-1" grounded="true" entityUid="carbontube400mm_2*:*Default">
<Transform>
<Rotation>-0.9849865512392787 -0.10369951812718839 0.13801414354311883 -0.12139442660311099 -0.15234759438158099 -0.98084331249993606 0.12273910162394694 -0.98287161950395863 0.13747178803744506</Rotation>
<Translation>-0.12512101523709201 0.038790614533820156 -0.16248706276801606</Translation>
</Transform>
</Instance>
<Instance name="Motor_2-3" uid="Motor_2-3" grounded="true" entityUid="Motor_2*:*Default">
<Transform>
<Rotation>-0.98498655123927836 0.15190309643222755 0.082017944207678301 -0.12139442660311209 -0.94727289036147166 0.2965425169784679 0.12273910162394903 0.28213386978617905 0.95149124665023654</Rotation>
<Translation>-0.302418594460162 0.016939617745258984 -0.14039402447570504</Translation>
</Transform>
</Instance>
<Instance name="Motor_2-2" uid="Motor_2-2" grounded="true" entityUid="Motor_2*:*Default">
<Transform>
<Rotation>-0.98498655123927836 0.15190309643222755 0.082017944207678301 -0.12139442660311209 -0.94727289036147166 0.2965425169784679 0.12273910162394903 0.28213386978617905 0.95149124665023654</Rotation>
<Translation>0.052176563985977975 0.060641611322380051 -0.18458010106032707</Translation>
</Transform>
</Instance>
<Instance name="Gear48T_2-1" uid="Gear48T_2-1" grounded="true" entityUid="Gear48T_2*:*Default">
<Transform>
<Rotation>-0.082017944207677981 -0.15190309643222788 0.98498655123927825 -0.29654251697847084 0.94727289036147067 0.12139442660311212 -0.95149124665023566 -0.28213386978618199 -0.12273910162394919</Rotation>
<Translation>-0.13891082695451401 0.037091092561348016 -0.16076871534523202</Translation>
</Transform>
</Instance>
</Instance>
<Instance name="2826motor_drone_2-11" uid="2826motor_drone_2-11" entityUid="2826motor_drone_2*:*Default">
<Transform>
<Rotation>1 -1.1999999999999999e-14 0 0 -3.8830000000000003e-12 1 -1.1999999999999999e-14 -1 -3.8830000000000003e-12</Rotation>
<Translation>0.25512630941546244 0.17931159778159836 0.3664357833202076</Translation>
</Transform>
</Instance>
<Instance name="9x4.7V3_drone_2-10" uid="9x4.7V3_drone_2-10" entityUid="9x4.7V3_drone_2*:*Default">
<Transform>
<Rotation>0.90403410113499094 5.0232198054491936e-16 -0.42746034200268124 1.6592707759196389e-12 1 3.5103600006458685e-12 0.42746034200268124 -3.8827576011937777e-12 0.90403410113499094</Rotation>
<Translation>0.25223048820939015 0.21201159778157674 0.36086315202575997</Translation>
</Transform>
</Instance>
<Instance name="centerstruc_2-1" uid="centerstruc_2-1" entityUid="centerstruc_2" rigid="true">
<Transform>
<Rotation>-0.8919852908668745 9.4247384848793963e-11 -0.4520644211582428 -0.4520644211582428 -1.8206980495592353e-10 0.8919852908668745 1.7599999999999992e-12 1 2.0500947740903275e-10</Rotation>
<Translation>0.301618322116187 -0.028310528938711013 0.65631154837304329</Translation>
</Transform>
<Instance name="ASM0001_ASM_2-1" uid="ASM0001_ASM_2-1" grounded="true" entityUid="ASM0001_ASM_2" rigid="true">
<Transform>
<Rotation>0.45206442115824114 4.9607901524809138e-15 0.89198529086687517 1.8595000000000004e-10 1 -9.4246329805312883e-11 -0.89198529086687517 2.0847007736642296e-10 0.45206442115824114</Rotation>
<Translation>0.10054875194974297 -0.07187576510664595 0.26152520949050995</Translation>
</Transform>
<Instance name="ASM0002_ASM_1-2" uid="ASM0002_ASM_1-2" grounded="true" entityUid="ASM0002_ASM_1" rigid="true">
<Transform>
<Rotation>1 0 0 0 1 0 0 0 1</Rotation>
<Translation>0 0 0.0015777624931500034</Translation>
</Transform>
<Instance name="PRT0003_2-6" uid="PRT0003_2-6" grounded="true" entityUid="PRT0003_2*:*Default">
<Transform>
<Rotation>-0.99999999999999978 0 0 0 0 1 0 0.99999999999999978 0</Rotation>
<Translation>-0.0094999999999999807 0.0085000000000000631 0.014499999999999999</Translation>
</Transform>
</Instance>
<Instance name="PRT0004_2-4" uid="PRT0004_2-4" grounded="true" entityUid="PRT0004_2*:*Default">
<Transform>
<Rotation>0.99999999999999978 0 0 0 0 1 0 -0.99999999999999978 0</Rotation>
<Translation>-0.0049499999999999822 -0.015190000000000037 -0.0097500000000000087</Translation>
</Transform>
</Instance>
<Instance name="PRT0005_2-2" uid="PRT0005_2-2" grounded="true" entityUid="PRT0005_2*:*Default">
<Transform>
<Rotation>-0.99999999999999978 0 0 0 0 1 0 0.99999999999999978 0</Rotation>
<Translation>0 0 -0.0184</Translation>
</Transform>
</Instance>
<Instance name="PRT0006_2-2" uid="PRT0006_2-2" grounded="true" entityUid="PRT0006_2*:*Default">
<Transform>
<Rotation>0 -0.99999999999999978 0 1 0 0 0 0 0.99999999999999978</Rotation>
<Translation>0 0 0.019159999999999996</Translation>
</Transform>
</Instance>
<Instance name="PRT0004_2-3" uid="PRT0004_2-3" grounded="true" entityUid="PRT0004_2*:*Default">
<Transform>
<Rotation>0.99999999999999978 0 0 0 0 1 0 -0.99999999999999978 0</Rotation>
<Translation>0.0050500000000000267 -0.015190000000000037 -0.0097500000000000087</Translation>
</Transform>
</Instance>
<Instance name="PRT0007_2-2" uid="PRT0007_2-2" grounded="true" entityUid="PRT0007_2*:*Default">
<Transform>
<Rotation>-0.99999999999999978 0 0 0 0 1 0 0.99999999999999978 0</Rotation>
<Translation>0 0 0.019479999999999997</Translation>
</Transform>
</Instance>
<Instance name="PRT0003_2-5" uid="PRT0003_2-5" grounded="true" entityUid="PRT0003_2*:*Default">
<Transform>
<Rotation>-0.99999999999999978 0 0 0 0 1 0 0.99999999999999978 0</Rotation>
<Translation>0.0095000000000000084 0.0085000000000000631 0.014499999999999999</Translation>
</Transform>
</Instance>
<Instance name="PRT0001_2-2" uid="PRT0001_2-2" grounded="true" entityUid="PRT0001_2*:*Default">
<Transform>
<Rotation>1 0 0 0 1 0 0 0 1</Rotation>
<Translation>0 0 0</Translation>
</Transform>
</Instance>
<Instance name="PRT0003_2-7" uid="PRT0003_2-7" grounded="true" entityUid="PRT0003_2*:*Default">
<Transform>
<Rotation>-0.99999999999999978 0 0 0 0 1 0 0.99999999999999978 0</Rotation>
<Translation>0.010500000000000009 -0.033000000000000029 0.014499999999999999</Translation>
</Transform>
</Instance>
<Instance name="PRT0003_2-8" uid="PRT0003_2-8" grounded="true" entityUid="PRT0003_2*:*Default">
<Transform>
<Rotation>-0.99999999999999978 0 0 0 0 1 0 0.99999999999999978 0</Rotation>
<Translation>-0.010499999999999982 -0.033000000000000029 0.014499999999999999</Translation>
</Transform>
</Instance>
<Instance name="PRT0002_2-2" uid="PRT0002_2-2" grounded="true" entityUid="PRT0002_2*:*Default">
<Transform>
<Rotation>-0.99999999999999978 0 0 0 -1 0 0 0 0.99999999999999978</Rotation>
<Translation>0 0 -0.0020000000000000018</Translation>
</Transform>
</Instance>
</Instance>
</Instance>
<Instance name="servoconnect_tubes_2-1" uid="servoconnect_tubes_2-1" grounded="true" entityUid="servoconnect_tubes_2*:*Default">
<Transform>
<Rotation>0.89198529086687517 4.5869719336892848e-15 -0.45206442115824114 -9.4247000000000037e-11 1 -1.8595214929991458e-10 0.45206442115824114 2.0847229748150572e-10 0.89198529086687517</Rotation>
<Translation>0.131133839886756 -0.10437576510263202 0.24227201091474296</Translation>
</Transform>
</Instance>
<Instance name="BearingConnect_2-2" uid="BearingConnect_2-2" grounded="true" entityUid="BearingConnect_2*:*Default">
<Transform>
<Rotation>0.89198529086687472 4.5869719333668261e-15 -0.45206442115824291 -9.4246999999999998e-11 1 -1.8595214929991442e-10 0.45206442115824291 2.0847229748150554e-10 0.89198529086687472</Rotation>
<Translation>0.19739851900886998 -0.029875765116879061 0.31060935285138896</Translation>
</Transform>
</Instance>
<Instance name="Motor_2-2" uid="Motor_2-2" grounded="true" entityUid="Motor_2*:*Default">
<Transform>
<Rotation>0.89198529086687472 4.791334174246509e-15 -0.45206442115824291 -9.4246999999999998e-11 1 -1.8595169723549329e-10 0.45206442115824291 2.0847189424669134e-10 0.89198529086687472</Rotation>
<Translation>-0.043437509525187989 -0.28987576509133206 0.18855195908446096</Translation>
</Transform>
</Instance>
<Instance name="Part1_2-3" uid="Part1_2-3" grounded="true" entityUid="Part1_2*:*Default">
<Transform>
<Rotation>0.3761163872435927 -0.250796140568318 0.89198529086687528 0.55477964843084382 0.83199732072101618 -9.4247692983273623e-11 -0.74212937210015939 0.49485528610805712 0.45206442115824125</Rotation>
<Translation>0.10561648719421199 -0.630875765112206 0.28819710973317703</Translation>
</Transform>
</Instance>
<Instance name="carbontube500mm_2-6" uid="carbontube500mm_2-6" grounded="true" entityUid="carbontube500mm_2*:*Default">
<Transform>
<Rotation>0.99999999999999989 3.9999999999925109e-15 3.98059918360555e-11 -4.0000000000082628e-15 1 -2.0847200000000002e-10 -3.9805991835701596e-11 2.0847199999999997e-10 0.99999999999999989</Rotation>
<Translation>0.050308703893503004 -0.638875765115127 0.30220778802921194</Translation>
</Transform>
</Instance>
<Instance name="updownconnect_2-2" uid="updownconnect_2-2" grounded="true" entityUid="updownconnect_2*:*Default">
<Transform>
<Rotation>0.89198529086687517 4.5869719336892848e-15 -0.45206442115824114 -9.4247000000000037e-11 1 -1.8595214929991458e-10 0.45206442115824114 2.0847229748150572e-10 0.89198529086687517</Rotation>
<Translation>0.084213535480370999 -0.61087576510118002 0.23530889122003396</Translation>
</Transform>
</Instance>
<Instance name="Part1_2-4" uid="Part1_2-4" grounded="true" entityUid="Part1_2*:*Default">
<Transform>
<Rotation>0.45206442115824114 -2.1226188468050756e-10 0.89198529086687517 6.5550000000000027e-10 1 -9.4246333711422302e-11 -0.89198529086687517 6.2730177245877743e-10 0.45206442115824114</Rotation>
<Translation>0.12934986930502299 -0.10437576510244295 0.24136788207242596</Translation>
</Transform>
</Instance>
<Instance name="updownconnect_2-7" uid="updownconnect_2-7" grounded="true" entityUid="updownconnect_2*:*Default">
<Transform>
<Rotation>0.89198529086687517 4.5869719336892848e-15 -0.45206442115824114 -9.4247000000000037e-11 1 -1.8595214929991458e-10 0.45206442115824114 2.0847229748150572e-10 0.89198529086687517</Rotation>
<Translation>0.16449221165839301 0.023124234890342987 0.27599468925644693</Translation>
</Transform>
</Instance>
<Instance name="updownconnect_2-5" uid="updownconnect_2-5" grounded="true" entityUid="updownconnect_2*:*Default">
<Transform>
<Rotation>0.89198529086687517 4.5869719336892848e-15 -0.45206442115824114 -9.4247000000000037e-11 1 -1.8595214929991458e-10 0.45206442115824114 2.0847229748150572e-10 0.89198529086687517</Rotation>
<Translation>0.16449221165838995 -0.61087576510966202 0.27599468912427594</Translation>
</Transform>
</Instance>
<Instance name="efom-10_2-1" uid="efom-10_2-1" grounded="true" entityUid="efom-10_2" rigid="true">
<Transform>
<Rotation>1.830000000000078e-13 0.45206442115824291 0.89198529086687472 -1 1.8636582791900089e-10 -9.4246352470879942e-11 -2.0884099999999996e-10 -0.89198529086687472 0.45206442115824291</Rotation>
<Translation>0.17688285731893397 -0.029875765114811048 0.30021187116474496</Translation>
</Transform>
<Instance name="efom-10_02_2-2" uid="efom-10_02_2-2" grounded="true" entityUid="efom-10_02_2*:*Default">
<Transform>
<Rotation>1 0 0 0 1 0 0 0 1</Rotation>
<Translation>0 0 -0.011999999999999997</Translation>
</Transform>
</Instance>
<Instance name="Part13_2-2" uid="Part13_2-2" grounded="true" entityUid="Part13_2*:*Default">
<Transform>
<Rotation>1 0 0 0 1 0 0 0 1</Rotation>
<Translation>0 0 0</Translation>
</Transform>
</Instance>
<Instance name="efom-10_01_2-2" uid="efom-10_01_2-2" grounded="true" entityUid="efom-10_01_2*:*Default">
<Transform>
<Rotation>1 0 0 0 1 0 0 0 1</Rotation>
<Translation>0 0 -0.011999999999999997</Translation>
</Transform>
</Instance>
</Instance>
<Instance name="carbontube500mm_2-5" uid="carbontube500mm_2-5" grounded="true" entityUid="carbontube500mm_2*:*Default">
<Transform>
<Rotation>0.99999999999999989 3.9999999999925109e-15 3.9804992635333337e-11 -4.0000000000100804e-15 1 -2.0847200000000002e-10 -3.9804992634979433e-11 2.0847199999999997e-10 0.99999999999999989</Rotation>
<Translation>0.13058738007152201 -0.638875765123609 0.34289358593345387</Translation>
</Transform>
</Instance>
<Instance name="Part1_2-5" uid="Part1_2-5" grounded="true" entityUid="Part1_2*:*Default">
<Transform>
<Rotation>0.45206442115824114 -2.1226188468050756e-10 0.89198529086687517 6.5550000000000027e-10 1 -9.4246333711422302e-11 -0.89198529086687517 6.2730177245877743e-10 0.45206442115824114</Rotation>
<Translation>0.10561648719421593 0.0031242348878000037 0.28819710986534797</Translation>
</Transform>
</Instance>
<Instance name="efom-10_2-2" uid="efom-10_2-2" grounded="true" entityUid="efom-10_2" rigid="true">
<Transform>
<Rotation>1.9099999999999909e-13 0.45206442115824291 -0.89198529086687472 1 1.8553936266611882e-10 9.4246783491270536e-11 2.0810399999999997e-10 -0.89198529086687472 -0.45206442115824291</Rotation>
<Translation>0.057356828342772004 -0.029875765101987084 0.23963523872954096</Translation>
</Transform>
<Instance name="efom-10_02_2-2" uid="efom-10_02_2-2" grounded="true" entityUid="efom-10_02_2*:*Default">
<Transform>
<Rotation>1 0 0 0 1 0 0 0 1</Rotation>
<Translation>0 0 -0.012000000000000011</Translation>
</Transform>
</Instance>
<Instance name="Part13_2-2" uid="Part13_2-2" grounded="true" entityUid="Part13_2*:*Default">
<Transform>
<Rotation>1 0 0 0 1 0 0 0 1</Rotation>
<Translation>0 0 0</Translation>
</Transform>
</Instance>
<Instance name="efom-10_01_2-2" uid="efom-10_01_2-2" grounded="true" entityUid="efom-10_01_2*:*Default">
<Transform>
<Rotation>1 0 0 0 1 0 0 0 1</Rotation>
<Translation>0 0 -0.012000000000000011</Translation>
</Transform>
</Instance>
</Instance>
<Instance name="carbontube400mm_2-1" uid="carbontube400mm_2-1" grounded="true" entityUid="carbontube400mm_2*:*Default">
<Transform>
<Rotation>0.89198529086687472 -0.061866045526903946 -0.44781115806554023 -9.4246999999999998e-11 0.99059146682388755 -0.13685227749547679 0.45206442115824291 0.12207021858980194 0.88359301765931875</Rotation>
<Translation>0.11711984283085 -0.28987576510829599 0.26992355489294395</Translation>
</Transform>
</Instance>
<Instance name="carbontube500mm_2-4" uid="carbontube500mm_2-4" grounded="true" entityUid="carbontube500mm_2*:*Default">
<Transform>
<Rotation>0.99990472829388555 4.6263808923743213e-15 0.013803417530831974 2.8729999999999927e-12 1 -2.084521937305531e-10 -0.013803417530831974 2.0847199135297914e-10 0.99990472829388555</Rotation>
<Translation>0.16449221165838995 -0.63887576510966204 0.27599468911843794</Translation>
</Transform>
</Instance>
<Instance name="carbontube500mm_2-2" uid="carbontube500mm_2-2" grounded="true" entityUid="carbontube500mm_2*:*Default">
<Transform>
<Rotation>0.21389217294540697 3.9474502503527358e-15 -0.97685727634731356 -2.0364799999999992e-10 1 -4.4586621649169489e-11 0.97685727634731356 2.0847176000241323e-10 0.21389217294540697</Rotation>
<Translation>0.084213535480370971 -0.63887576510118005 0.23530889121419699</Translation>
</Transform>
</Instance>
<Instance name="updownconnect_2-6" uid="updownconnect_2-6" grounded="true" entityUid="updownconnect_2*:*Default">
<Transform>
<Rotation>0.89198529086687572 4.5869719337238709e-15 -0.45206442115824091 -9.4246999999999998e-11 1 -1.8595214929991466e-10 0.45206442115824091 2.0847229748150574e-10 0.89198529086687572</Rotation>
<Translation>0.084213535480373997 0.023124234898819984 0.23530889135220495</Translation>
</Transform>
</Instance>
<Instance name="Motor_2-1" uid="Motor_2-1" grounded="true" entityUid="Motor_2*:*Default">
<Transform>
<Rotation>0.89198529086687472 4.791334174246509e-15 -0.45206442115824291 -9.4246999999999998e-11 1 -1.8595169723549329e-10 0.45206442115824291 2.0847189424669134e-10 0.89198529086687472</Rotation>
<Translation>0.27767719518688694 -0.28987576512526098 0.35129515070142792</Translation>
</Transform>
</Instance>
<Instance name="connector1_2-3" uid="connector1_2-3" grounded="true" entityUid="connector1_2*:*Default">
<Transform>
<Rotation>0.89198529086687472 4.5869719333668261e-15 -0.45206442115824291 -9.4246999999999998e-11 1 -1.8595214929991442e-10 0.45206442115824291 2.0847229748150554e-10 0.89198529086687472</Rotation>
<Translation>0.15725918091985897 -0.28987576511253799 0.29026645384506489</Translation>
</Transform>
</Instance>
<Instance name="connector1_2-2" uid="connector1_2-2" grounded="true" entityUid="connector1_2*:*Default">
<Transform>
<Rotation>0.89198529086687472 4.5869719333668261e-15 -0.45206442115824291 -9.4246999999999998e-11 1 -1.8595214929991442e-10 0.45206442115824291 2.0847229748150554e-10 0.89198529086687472</Rotation>
<Translation>0.076980504741839983 -0.28987576510405499 0.24958065594082296</Translation>
</Transform>
</Instance>
<Instance name="BearingConnect_2-3" uid="BearingConnect_2-3" grounded="true" entityUid="BearingConnect_2*:*Default">
<Transform>
<Rotation>-0.89198529086687472 -4.791334174246509e-15 -0.45206442115824291 9.4246999999999998e-11 -1 -1.8595169723549329e-10 -0.45206442115824291 -2.0847189424669134e-10 0.89198529086687472</Rotation>
<Translation>0.036841166652831991 -0.029875765099919072 0.22923775704290494</Translation>
</Transform>
</Instance>
<Instance name="Gear36T_2-1" uid="Gear36T_2-1" grounded="true" entityUid="Gear36T_2*:*Default">
<Transform>
<Rotation>0.40645831515274083 -0.19787339113769881 0.89198529086687428 0.43771060484323882 0.89911591377739841 -9.4245219640998629e-11 -0.80199816985511951 0.39043142121491858 0.45206442115824325</Rotation>
<Translation>0.12960939774383801 -0.071875269961875987 0.27624898245337892</Translation>
</Transform>
</Instance>
</Instance>
<Instance name="2826motor_drone_2-13" uid="2826motor_drone_2-13" entityUid="2826motor_drone_2*:*Default">
<Transform>
<Rotation>-1 1.0000000000000001e-15 0 0 -3.8830000000000003e-12 -1 -1.0000000000000001e-15 -1 3.8830000000000003e-12</Rotation>
<Translation>-0.10487369058454496 0.13971159778159792 0.36643578332036714</Translation>
</Transform>
</Instance>
<Instance name="platform_2-1" uid="platform_2-1" entityUid="platform_2" rigid="true">
<Transform>
<Rotation>-1 0 -1.0000000000000001e-15 -1.0000000000000001e-15 3.8819999999999998e-12 1 0 1 -3.8819999999999998e-12</Rotation>
<Translation>0.072926454085626563 0.22886721687904255 0.44244581876878797</Translation>
</Transform>
<Instance name="F3.stp_2-1" uid="F3.stp_2-1" grounded="true" entityUid="F3.stp_2*:*Default">
<Transform>
<Rotation>7.9999999999961178e-15 0 1 1 0 -8.0000000000038834e-15 0 1 0</Rotation>
<Translation>0.0098001446701719841 -0.043904558004433991 0.0016443809028500178</Translation>
</Transform>
</Instance>
<Instance name="platform-0_2-1" uid="platform-0_2-1" grounded="true" entityUid="platform-0_2*:*Default">
<Transform>
<Rotation>1 0 0 0 1 0 0 0 1</Rotation>
<Translation>-0.0021998553298280127 0.0020954419955659942 -0.010355619097149993</Translation>
</Transform>
<VisualProperties>
<Ambient r="0.30980392156862746" g="0.30980392156862746" b="0.30980392156862746" a="1"/>
<Diffuse r="0.21686274509803921" g="0.21686274509803921" b="0.21686274509803921" a="1"/>
<Specular r="0.015490196078431374" g="0.015490196078431374" b="0.015490196078431374" a="1"/>
<Emissive r="0" g="0" b="0" a="1"/>
<Shininess>0.3125</Shininess>
</VisualProperties>
</Instance>
<Instance name="ASM0001_ASM_2-1" uid="ASM0001_ASM_2-1" grounded="true" entityUid="ASM0001_ASM_2" rigid="true">
<Transform>
<Rotation>0 0 1 9.9999999999969282e-16 -1 0 1 9.9999999999969282e-16 0</Rotation>
<Translation>0.0082223821770219946 -0.058404558004434004 0.020644380902850035</Translation>
</Transform>
<Instance name="ASM0002_ASM_1-2" uid="ASM0002_ASM_1-2" grounded="true" entityUid="ASM0002_ASM_1" rigid="true">
<Transform>
<Rotation>1 0 0 0 1 0 0 0 1</Rotation>
<Translation>0 0 0.0015777624931500034</Translation>
</Transform>
<Instance name="PRT0003_2-6" uid="PRT0003_2-6" grounded="true" entityUid="PRT0003_2*:*Default">
<Transform>
<Rotation>-1 0 0 0 0 1 0 1 0</Rotation>
<Translation>-0.0095000000000000084 0.0085000000000000075 0.014499999999999999</Translation>
</Transform>
</Instance>
<Instance name="PRT0004_2-4" uid="PRT0004_2-4" grounded="true" entityUid="PRT0004_2*:*Default">
<Transform>
<Rotation>1 0 0 0 0 1 0 -1 0</Rotation>
<Translation>-0.0049500000000000099 -0.015189999999999981 -0.0097500000000000087</Translation>
</Transform>
</Instance>
<Instance name="PRT0005_2-2" uid="PRT0005_2-2" grounded="true" entityUid="PRT0005_2*:*Default">
<Transform>
<Rotation>-1 0 0 0 0 1 0 1 0</Rotation>
<Translation>0 0 -0.0184</Translation>
</Transform>
</Instance>
<Instance name="PRT0006_2-2" uid="PRT0006_2-2" grounded="true" entityUid="PRT0006_2*:*Default">
<Transform>
<Rotation>0 -1 0 1 0 0 0 0 1</Rotation>
<Translation>0 0 0.019159999999999996</Translation>
</Transform>
</Instance>
<Instance name="PRT0004_2-3" uid="PRT0004_2-3" grounded="true" entityUid="PRT0004_2*:*Default">
<Transform>
<Rotation>1 0 0 0 0 1 0 -1 0</Rotation>
<Translation>0.0050499999999999989 -0.015189999999999981 -0.0097499999999999948</Translation>
</Transform>
</Instance>
<Instance name="PRT0007_2-2" uid="PRT0007_2-2" grounded="true" entityUid="PRT0007_2*:*Default">
<Transform>
<Rotation>-1 0 0 0 0 1 0 1 0</Rotation>
<Translation>0 0 0.019479999999999997</Translation>
</Transform>
</Instance>
<Instance name="PRT0003_2-5" uid="PRT0003_2-5" grounded="true" entityUid="PRT0003_2*:*Default">
<Transform>
<Rotation>-1 0 0 0 0 1 0 1 0</Rotation>
<Translation>0.0094999999999999529 0.008499999999999952 0.014500000000000006</Translation>
</Transform>
</Instance>
<Instance name="PRT0001_2-2" uid="PRT0001_2-2" grounded="true" entityUid="PRT0001_2*:*Default">
<Transform>
<Rotation>1 0 0 0 1 0 0 0 1</Rotation>
<Translation>0 0 0</Translation>
</Transform>
</Instance>
<Instance name="PRT0003_2-7" uid="PRT0003_2-7" grounded="true" entityUid="PRT0003_2*:*Default">
<Transform>
<Rotation>-1 0 0 0 0 1 0 1 0</Rotation>
<Translation>0.010500000000000009 -0.032999999999999974 0.014500000000000006</Translation>
</Transform>
</Instance>
<Instance name="PRT0003_2-8" uid="PRT0003_2-8" grounded="true" entityUid="PRT0003_2*:*Default">
<Transform>
<Rotation>-1 0 0 0 0 1 0 1 0</Rotation>
<Translation>-0.010500000000000009 -0.033000000000000029 0.014500000000000006</Translation>
</Transform>
</Instance>
<Instance name="PRT0002_2-2" uid="PRT0002_2-2" grounded="true" entityUid="PRT0002_2*:*Default">
<Transform>
<Rotation>-1 0 0 0 -1 0 0 0 1</Rotation>
<Translation>0 0 -0.0020000000000000018</Translation>
</Transform>
</Instance>
</Instance>
</Instance>
<Instance name="10mm 8mm bore idler_2-2" uid="10mm 8mm bore idler_2-2" grounded="true" entityUid="10mm 8mm bore idler_2" rigid="true">
<Transform>
<Rotation>0 -1 0 1 0 0 0 0 1</Rotation>
<Translation>0.047150144670221994 -0.028781347781888955 0.030094567151013024</Translation>
</Transform>
<Instance name="Bearing_2-2" uid="Bearing_2-2" grounded="true" entityUid="Bearing_2*:*Default">
<Transform>
<Rotation>1 0 0 0 1 0 0 0 1</Rotation>
<Translation>0 0 0</Translation>
</Transform>
</Instance>
<Instance name="Body_2-2" uid="Body_2-2" grounded="true" entityUid="Body_2*:*Default">
<Transform>
<Rotation>1 0 0 0 1 0 0 0 1</Rotation>
<Translation>0 0 0</Translation>
</Transform>
</Instance>
</Instance>
<Instance name="10mm 8mm bore idler_2-3" uid="10mm 8mm bore idler_2-3" grounded="true" entityUid="10mm 8mm bore idler_2" rigid="true">
<Transform>
<Rotation>0 -1 0 1 0 0 0 0 1</Rotation>
<Translation>0.047150144670221994 -0.088781347781899 0.03009456715101208</Translation>
</Transform>
<Instance name="Bearing_2-2" uid="Bearing_2-2" grounded="true" entityUid="Bearing_2*:*Default">
<Transform>
<Rotation>1 0 0 0 1 0 0 0 1</Rotation>
<Translation>0 0 0</Translation>
</Transform>
</Instance>
<Instance name="Body_2-2" uid="Body_2-2" grounded="true" entityUid="Body_2*:*Default">
<Transform>
<Rotation>1 0 0 0 1 0 0 0 1</Rotation>
<Translation>0 0 0</Translation>
</Transform>
</Instance>
</Instance>
</Instance>
<Instance name="2826motor_drone_2-4" uid="2826motor_drone_2-4" entityUid="2826motor_drone_2*:*Default">
<Transform>
<Rotation>-1 -2.0036619151907804e-14 -2.3793497954148583e-15 0 0.12257678402663136 -0.99245903291656756 2.0177176712416376e-14 -0.99245903291656756 -0.12257678402663136</Rotation>
<Translation>-0.10487369058445509 0.13986090893085734 0.62400876299636487</Translation>
</Transform>
</Instance>
<Instance name="2826motor_drone_2-15" uid="2826motor_drone_2-15" entityUid="2826motor_drone_2*:*Default">
<Transform>
<Rotation>1 4.2663743115030062e-14 1.8034270403543476e-15 -7.0194118819843866e-15 0.12257678402663136 0.99245903291656756 4.2120958945710352e-14 -0.99245903291656756 0.12257678402663136</Rotation>
<Translation>0.25512630941551195 0.17916228663435177 0.62886280364382574</Translation>
</Transform>
</Instance>
<Instance name="9x4.7V3_drone_2-8" uid="9x4.7V3_drone_2-8" entityUid="9x4.7V3_drone_2*:*Default">
<Transform>
<Rotation>0.72786071409271447 1.6328002210005302e-15 -0.6857250038320345 -0.084053965696381253 0.9924590329165679 -0.089218825552810993 0.68055397414985064 0.12257678402663109 0.72237194040641795</Rotation>
<Translation>-0.10590723914036725 0.21237499837630819 0.62672328123719467</Translation>
</Transform>
</Instance>
<Instance name="9x4.7V3_drone_2-15" uid="9x4.7V3_drone_2-15" entityUid="9x4.7V3_drone_2*:*Default">
<Transform>
<Rotation>0.987155183578591 -3.4855427691334321e-16 -0.15976433749093794 6.2055999788061578e-13 1 3.8321472361576519e-12 0.15976433749093794 -3.8820673653441712e-12 0.987155183578591</Rotation>
<Translation>-0.10920236201997235 0.21201159778158024 0.36188577193503307</Translation>
</Transform>
</Instance>
<Instance name="9x4.7V3_drone_2-16" uid="9x4.7V3_drone_2-16" entityUid="9x4.7V3_drone_2*:*Default">
<Transform>
<Rotation>0.8564973176829197 -1.8915788656951356e-15 -0.51615147466801203 0.06326818783540647 -0.99245903291656778 0.10498668672900908 -0.51225919338747583 -0.12257678402663111 -0.85003849960322486</Rotation>
<Translation>-0.1071948015691416 0.10669220820573863 0.62579194442412189</Translation>
</Transform>
</Instance>
</InstanceTree>
<Constraints>
<Coincident name="Coincident1">
<ConstraintGeometry geomType="plane">
<InstancePath>
<Uid>centerstruc_2-1</Uid>
<Uid>Gear36T_2-1</Uid>
</InstancePath>
<Position>0 -1.1102230246251565e-16 0.010000000000000002</Position>
<Axis>0 0 1</Axis>
</ConstraintGeometry>
<ConstraintGeometry geomType="plane">
<InstancePath>
<Uid>moveableprop_2-1</Uid>
<Uid>Gear48T_2-1</Uid>
</InstancePath>
<Position>0 0 -0.009999999999999995</Position>
<Axis>0 0 -0.99999999999999989</Axis>
</ConstraintGeometry>
</Coincident>
<Concentric name="Concentric1">
<ConstraintGeometry geomType="cylinder">
<InstancePath>
<Uid>centerstruc_2-1</Uid>
<Uid>efom-10_2-1</Uid>
<Uid>Part13_2-2</Uid>
</InstancePath>
<Position>0 0 0.0049999999999999975</Position>
<Axis>0 0 0.99999999999999978</Axis>
</ConstraintGeometry>
<ConstraintGeometry geomType="cylinder">
<InstancePath>
<Uid>moveableprop_2-1</Uid>
<Uid>carbontube400mm_2-1</Uid>
</InstancePath>
<Position>0 0 0</Position>
<Axis>0.99999999999999989 0 0</Axis>
</ConstraintGeometry>
</Concentric>
<Concentric name="Concentric2">
<ConstraintGeometry geomType="cylinder">
<InstancePath>
<Uid>centerstruc_2-1</Uid>
<Uid>carbontube500mm_2-5</Uid>
</InstancePath>
<Position>0 0.32500000000000001 0</Position>
<Axis>0 1 0</Axis>
</ConstraintGeometry>
<ConstraintGeometry geomType="cylinder">
<InstancePath>
<Uid>platform_2-1</Uid>
<Uid>platform-0_2-1</Uid>
</InstancePath>
<Position>0.044999999999999998 0.068999999999999895 0</Position>
<Axis>0 -1 0</Axis>
</ConstraintGeometry>
</Concentric>
<Concentric name="Concentric3">
<ConstraintGeometry geomType="cylinder">
<InstancePath>
<Uid>centerstruc_2-1</Uid>
<Uid>carbontube500mm_2-6</Uid>
</InstancePath>
<Position>0 0.32500000000000001 0</Position>
<Axis>0 1 0</Axis>
</ConstraintGeometry>
<ConstraintGeometry geomType="cylinder">
<InstancePath>
<Uid>platform_2-1</Uid>
<Uid>platform-0_2-1</Uid>
</InstancePath>
<Position>-0.044999999999999998 0.068999999999999895 0</Position>
<Axis>0 1 0</Axis>
</ConstraintGeometry>
</Concentric>
<Concentric name="Concentric4">
<ConstraintGeometry geomType="cylinder">
<InstancePath>
<Uid>moveableprop_2-1</Uid>
<Uid>Motor_2-3</Uid>
</InstancePath>
<Position>0 0 -0.01780000000000001</Position>
<Axis>0 0 -1.0000000000000002</Axis>
</ConstraintGeometry>
<ConstraintGeometry geomType="cylinder">
<InstancePath>
<Uid>2826motor_drone_2-17</Uid>
</InstancePath>
<Position>0 0 0.013100000000000001</Position>
<Axis>0 0 1.0000000000000002</Axis>
</ConstraintGeometry>
</Concentric>
<Concentric name="Concentric5">
<ConstraintGeometry geomType="cylinder">
<InstancePath>
<Uid>2826motor_drone_2-17</Uid>
</InstancePath>
<Position>0 0 0.038200000000000012</Position>
<Axis>0 0 1.0000000000000002</Axis>
</ConstraintGeometry>
<ConstraintGeometry geomType="cylinder">
<InstancePath>
<Uid>9x4.7V3_drone_2-8</Uid>
</InstancePath>
<Position>0.0050000000000000044 -0.00050000000000000044 0.0037999999999999146</Position>
<Axis>0 1 0</Axis>
</ConstraintGeometry>
</Concentric>
<Coincident name="Coincident2">
<ConstraintGeometry geomType="plane">
<InstancePath>
<Uid>moveableprop_2-1</Uid>
<Uid>Motor_2-3</Uid>
</InstancePath>
<Position>0 0 0.01980000000000004</Position>
<Axis>0 0 1.0000000000000002</Axis>
</ConstraintGeometry>
<ConstraintGeometry geomType="plane">
<InstancePath>
<Uid>2826motor_drone_2-17</Uid>
</InstancePath>
<Position>0 0 0</Position>
<Axis>0 0 -1.0000000000000002</Axis>
</ConstraintGeometry>
</Coincident>
<Concentric name="Concentric6">
<ConstraintGeometry geomType="cylinder">
<InstancePath>
<Uid>moveableprop_2-1</Uid>
<Uid>Motor_2-3</Uid>
</InstancePath>
<Position>0 0.0080000000000000071 -0.017799999999999983</Position>
<Axis>0 0 -1.0000000000000002</Axis>
</ConstraintGeometry>
<ConstraintGeometry geomType="cylinder">
<InstancePath>
<Uid>2826motor_drone_2-17</Uid>
</InstancePath>
<Position>0 -0.0080000000000000071 0.0019999999999999463</Position>
<Axis>0 0 -1.0000000000000002</Axis>
</ConstraintGeometry>
</Concentric>
<Coincident name="Coincident3">
<ConstraintGeometry geomType="plane">
<InstancePath>
<Uid>2826motor_drone_2-17</Uid>
</InstancePath>
<Position>0 0 0.032200000000000006</Position>
<Axis>0 0 1.0000000000000002</Axis>
</ConstraintGeometry>
<ConstraintGeometry geomType="plane">
<InstancePath>
<Uid>9x4.7V3_drone_2-8</Uid>
</InstancePath>
<Position>0.0050000000000000044 -0.00050000000000000044 0.0037999999999999146</Position>
<Axis>0 -1 0</Axis>
</ConstraintGeometry>
</Coincident>
<Concentric name="Concentric7">
<ConstraintGeometry geomType="cylinder">
<InstancePath>
<Uid>moveableprop_2-1</Uid>
<Uid>Motor_2-3</Uid>
</InstancePath>
<Position>0 0 -0.01780000000000001</Position>
<Axis>0 0 -1.0000000000000002</Axis>
</ConstraintGeometry>
<ConstraintGeometry geomType="cylinder">
<InstancePath>
<Uid>2826motor_drone_2-4</Uid>
</InstancePath>
<Position>0 1.1102230246251565e-16 0.013100000000000001</Position>
<Axis>0 0 1.0000000000000002</Axis>
</ConstraintGeometry>
</Concentric>
<Coincident name="Coincident4">
<ConstraintGeometry geomType="plane">
<InstancePath>
<Uid>moveableprop_2-1</Uid>
<Uid>Motor_2-3</Uid>
</InstancePath>
<Position>0 0 -0.019799999999999984</Position>
<Axis>0 0 -1.0000000000000002</Axis>
</ConstraintGeometry>
<ConstraintGeometry geomType="plane">
<InstancePath>
<Uid>2826motor_drone_2-4</Uid>
</InstancePath>
<Position>0 0 0</Position>
<Axis>0 0 -1.0000000000000002</Axis>
</ConstraintGeometry>
</Coincident>
<Concentric name="Concentric8">
<ConstraintGeometry geomType="cylinder">
<InstancePath>
<Uid>moveableprop_2-1</Uid>
<Uid>Motor_2-3</Uid>
</InstancePath>
<Position>0 0.0080000000000000071 -0.017799999999999983</Position>
<Axis>0 0 -1.0000000000000002</Axis>
</ConstraintGeometry>
<ConstraintGeometry geomType="cylinder">
<InstancePath>
<Uid>2826motor_drone_2-4</Uid>
</InstancePath>
<Position>0 -0.0079999999999998961 0.0020000000000000018</Position>
<Axis>0 0 -1.0000000000000002</Axis>
</ConstraintGeometry>
</Concentric>
<Concentric name="Concentric9">
<ConstraintGeometry geomType="cylinder">
<InstancePath>
<Uid>2826motor_drone_2-4</Uid>
</InstancePath>
<Position>0 0 0.038200000000000012</Position>
<Axis>0 0 1.0000000000000002</Axis>
</ConstraintGeometry>
<ConstraintGeometry geomType="cylinder">
<InstancePath>
<Uid>9x4.7V3_drone_2-16</Uid>
</InstancePath>
<Position>0.0050000000000000044 -0.0005000000000000282 0.0038000000000000811</Position>
<Axis>0 1 0</Axis>
</ConstraintGeometry>
</Concentric>
<Coincident name="Coincident5">
<ConstraintGeometry geomType="plane">
<InstancePath>
<Uid>2826motor_drone_2-4</Uid>
</InstancePath>
<Position>0 1.1102230246251565e-16 0.032200000000000006</Position>
<Axis>0 0 1.0000000000000002</Axis>
</ConstraintGeometry>
<ConstraintGeometry geomType="plane">
<InstancePath>
<Uid>9x4.7V3_drone_2-16</Uid>
</InstancePath>
<Position>0.0050000000000000044 -0.0005000000000000282 0.0038000000000000811</Position>
<Axis>0 -1 0</Axis>
</ConstraintGeometry>
</Coincident>
<Concentric name="Concentric10">
<ConstraintGeometry geomType="cylinder">
<InstancePath>
<Uid>2826motor_drone_2-13</Uid>
</InstancePath>
<Position>0 0 0.013100000000000001</Position>
<Axis>0 0 1</Axis>
</ConstraintGeometry>
<ConstraintGeometry geomType="cylinder">
<InstancePath>
<Uid>9x4.7V3_drone_2-14</Uid>
</InstancePath>
<Position>0.0049999999999999489 -0.00050000000000000044 0.0038000000000000117</Position>
<Axis>0 1 0</Axis>
</ConstraintGeometry>
</Concentric>
<Coincident name="Coincident6">
<ConstraintGeometry geomType="plane">
<InstancePath>
<Uid>2826motor_drone_2-13</Uid>
</InstancePath>
<Position>0 0 0.03220000000000002</Position>
<Axis>0 0 1</Axis>
</ConstraintGeometry>
<ConstraintGeometry geomType="plane">
<InstancePath>
<Uid>9x4.7V3_drone_2-14</Uid>
</InstancePath>
<Position>0.0049999999999999489 -0.00050000000000000044 0.0038000000000000117</Position>
<Axis>0 -1 0</Axis>
</ConstraintGeometry>
</Coincident>
<Concentric name="Concentric11">
<ConstraintGeometry geomType="cylinder">
<InstancePath>
<Uid>centerstruc_2-1</Uid>
<Uid>Motor_2-1</Uid>
</InstancePath>
<Position>0 0 -0.017799999999999983</Position>
<Axis>0 0 -0.99999999999999978</Axis>
</ConstraintGeometry>
<ConstraintGeometry geomType="cylinder">
<InstancePath>
<Uid>2826motor_drone_2-13</Uid>
</InstancePath>
<Position>0 0 0.013100000000000001</Position>
<Axis>0 0 1</Axis>
</ConstraintGeometry>
</Concentric>
<Coincident name="Coincident7">
<ConstraintGeometry geomType="plane">
<InstancePath>
<Uid>centerstruc_2-1</Uid>
<Uid>Motor_2-1</Uid>
</InstancePath>
<Position>0 0 -0.019799999999999984</Position>
<Axis>0 0 -0.99999999999999978</Axis>
</ConstraintGeometry>
<ConstraintGeometry geomType="plane">
<InstancePath>
<Uid>2826motor_drone_2-13</Uid>
</InstancePath>
<Position>0 0 0</Position>
<Axis>0 0 -1</Axis>
</ConstraintGeometry>
</Coincident>
<Concentric name="Concentric12">
<ConstraintGeometry geomType="cylinder">
<InstancePath>
<Uid>centerstruc_2-1</Uid>
<Uid>Motor_2-1</Uid>
</InstancePath>
<Position>0 -0.0080000000000000071 -0.017799999999999983</Position>
<Axis>0 0 -0.99999999999999978</Axis>
</ConstraintGeometry>
<ConstraintGeometry geomType="cylinder">
<InstancePath>
<Uid>2826motor_drone_2-13</Uid>
</InstancePath>
<Position>0 0.0080000000000000071 0.0020000000000000018</Position>
<Axis>0 0 -1</Axis>
</ConstraintGeometry>
</Concentric>
<Concentric name="Concentric13">
<ConstraintGeometry geomType="cylinder">
<InstancePath>
<Uid>centerstruc_2-1</Uid>
<Uid>Motor_2-1</Uid>
</InstancePath>
<Position>0 0 -0.017799999999999983</Position>
<Axis>0 0 -0.99999999999999978</Axis>
</ConstraintGeometry>
<ConstraintGeometry geomType="cylinder">
<InstancePath>
<Uid>2826motor_drone_2-16</Uid>
</InstancePath>
<Position>0 0 0.013100000000000001</Position>
<Axis>0 0 1</Axis>
</ConstraintGeometry>
</Concentric>
<Coincident name="Coincident8">
<ConstraintGeometry geomType="plane">
<InstancePath>
