x_0 = 0;
y_0 = 0;
z_0 = 1;